0 0
0.1 0.000510737
0.2 0.0273847
0.3 0.105674
0.4 0.253188
0.5 0.496204
0.6 0.815796
0.7 1.17889
0.8 1.56194
0.9 1.93309
1 2.29303
1.1 2.66189
1.2 3.04837
1.3 3.46563
1.4 3.90471
1.5 4.33513
1.6 4.73805
1.7 5.09598
1.8 5.40736
1.9 5.69408
2 5.97078
2.1 6.24846
2.2 6.5291
2.3 6.79433
2.4 7.03045
2.5 7.23082
2.6 7.39472
2.7 7.53827
2.8 7.67551
2.9 7.81088
3 7.94299
3.1 8.05625
3.2 8.1338
3.3 8.16867
3.4 8.16041
3.5 8.12114
3.6 8.06837
3.7 8.01376
3.8 7.96611
3.9 7.92907
4 7.90539
4.1 7.90743
4.2 7.92734
4.3 7.95597
4.4 7.987
4.5 7.98893
4.6 7.96232
4.7 7.92106
4.8 7.87223
4.9 7.84262
5 7.83777
5.1 7.84389
5.2 7.85463
5.3 7.85008
5.4 7.8225
5.5 7.78565
5.6 7.74709
5.7 7.72177
5.8 7.71882
5.9 7.7261
6 7.73492
6.1 7.73434
6.2 7.71521
6.3 7.68747
6.4 7.66085
6.5 7.64358
6.6 7.64387
6.7 7.65415
6.8 7.66403
6.9 7.66674
7 7.6555
7.1 7.63563
7.2 7.61744
7.3 7.60692
7.4 7.60927
7.5 7.62072
7.6 7.63148
7.7 7.6358
7.8 7.62979
7.9 7.6161
8 7.60351
8.1 7.59757
8.2 7.60105
8.3 7.61183
8.4 7.62204
8.5 7.62623
8.6 7.62227
8.7 7.6119
8.8 7.60195
8.9 7.59761
9 7.60052
9.1 7.6091
9.2 7.61746
9.3 7.62066
9.4 7.61742
9.5 7.6092
9.6 7.60106
9.7 7.59765
9.8 7.60006
9.9 7.60683
10 7.6137
10.1 7.6163
10.2 7.61365
10.3 7.60723
10.4 7.60066
10.5 7.59792
10.6 7.59999
10.7 7.60538
10.8 7.61093
10.9 7.61312
11 7.61092
11.1 7.60581
11.2 7.60058
11.3 7.59832
11.4 7.60005
11.5 7.6044
11.6 7.60882
11.7 7.61064
11.8 7.60886
11.9 7.60474
12 7.60059
12.1 7.59877
12.2 7.60017
12.3 7.6037
12.4 7.60723
12.5 7.6087
12.6 7.60729
12.7 7.60397
12.8 7.60066
12.9 7.5992
13 7.60033
13.1 7.60318
13.2 7.60601
13.3 7.6072
13.4 7.60607
13.5 7.6034
13.6 7.60076
13.7 7.59959
13.8 7.60049
13.9 7.6028
13.965 7.60436
