0 0
0.1 0.00467034
0.2 0.0346262
0.3 0.0941036
0.4 0.185604
0.5 0.320895
0.6 0.486493
0.7 0.677807
0.8 0.887825
0.9 1.10253
1 1.32887
1.1 1.56424
1.2 1.80932
1.3 2.06847
1.4 2.32833
1.5 2.58497
1.6 2.83096
1.7 3.05848
1.8 3.2752
1.9 3.48102
2 3.6806
2.1 3.87766
2.2 4.06409
2.3 4.23911
2.4 4.39747
2.5 4.53648
2.6 4.66256
2.7 4.77539
2.8 4.87838
2.9 4.97061
3 5.04379
3.1 5.09511
3.2 5.11864
3.3 5.11436
3.4 5.08901
3.5 5.0466
3.6 4.99578
3.7 4.94127
3.8 4.88521
3.9 4.83441
4 4.79441
4.1 4.77254
4.2 4.75908
4.3 4.75342
4.4 4.75667
4.5 4.75099
4.6 4.74069
4.7 4.7247
4.8 4.70345
4.9 4.69249
5 4.68697
5.1 4.68833
5.2 4.69447
5.3 4.69193
5.4 4.68562
5.5 4.67387
5.6 4.66002
5.7 4.65537
5.8 4.655
5.9 4.66047
6 4.66729
6.1 4.66612
6.2 4.66151
6.3 4.65206
6.4 4.64293
6.5 4.64156
6.6 4.64371
6.7 4.6504
6.8 4.65597
6.9 4.65462
7 4.65017
7.1 4.64196
7.2 4.63584
7.3 4.6361
7.4 4.63935
7.5 4.64579
7.6 4.64957
7.7 4.64766
7.8 4.64304
7.9 4.63595
8 4.63204
8.1 4.63327
8.2 4.63706
8.3 4.64272
8.4 4.64491
8.5 4.64257
8.6 4.63793
8.7 4.63208
8.8 4.62991
8.9 4.63181
9 4.63581
9.1 4.64048
9.2 4.64141
9.3 4.6388
9.4 4.63433
9.5 4.62975
9.6 4.62892
9.7 4.63124
9.8 4.63518
9.9 4.6388
10 4.63876
10.1 4.63599
10.2 4.63188
10.3 4.6285
10.4 4.62866
10.5 4.6312
10.6 4.63485
10.7 4.63744
10.8 4.63668
10.9 4.6339
11 4.63026
11.1 4.62798
11.2 4.62882
11.3 4.63142
11.4 4.63462
11.5 4.63627
11.6 4.63504
11.7 4.63233
11.8 4.62926
11.9 4.6279
12 4.62919
12.1 4.63171
12.2 4.63438
12.3 4.63523
12.4 4.6337
12.5 4.63116
12.6 4.62869
12.7 4.62809
12.8 4.62963
12.9 4.63198
13 4.63408
13.1 4.63429
13.2 4.63261
13.3 4.63031
13.4 4.62844
13.5 4.62843
13.6 4.63008
13.7 4.63219
13.8 4.63372
13.9 4.63345
14 4.63173
14.0405 4.63092
