0 0
0.1 0.00283899
0.2 0.0513477
0.3 0.183504
0.4 0.410067
0.5 0.764594
0.6 1.23597
0.7 1.76874
0.8 2.33615
0.9 2.91591
1 3.4926
1.1 4.09286
1.2 4.73775
1.3 5.42002
1.4 6.1297
1.5 6.83881
1.6 7.50871
1.7 8.12971
1.8 8.71062
1.9 9.26412
2 9.81419
2.1 10.3725
2.2 10.9258
2.3 11.4596
2.4 11.9605
2.5 12.4186
2.6 12.8446
2.7 13.256
2.8 13.6604
2.9 14.0587
3 14.4367
3.1 14.7672
3.2 15.0298
3.3 15.215
3.4 15.3241
3.5 15.3724
3.6 15.3776
3.7 15.3518
3.8 15.3057
3.9 15.2497
4 15.1999
4.1 15.1833
4.2 15.1926
4.3 15.2134
4.4 15.2467
4.5 15.2513
4.6 15.2104
4.7 15.1537
4.8 15.0947
4.9 15.0528
5 15.0519
5.1 15.0742
5.2 15.0923
5.3 15.096
5.4 15.0722
5.5 15.0265
5.6 14.9876
5.7 14.9698
5.8 14.9746
5.9 14.999
6 15.0216
6.1 15.023
6.2 15.0052
6.3 14.9756
6.4 14.9479
6.5 14.94
6.6 14.9527
6.7 14.9741
6.8 14.9929
6.9 14.9959
7 14.9802
7.1 14.9576
7.2 14.9405
7.3 14.9374
7.4 14.9507
7.5 14.9709
7.6 14.9847
7.7 14.9854
7.8 14.9727
7.9 14.9538
8 14.941
8.1 14.9409
8.2 14.9521
8.3 14.9677
8.4 14.9779
8.5 14.9765
8.6 14.9653
8.7 14.9513
8.8 14.9427
8.9 14.9447
9 14.9555
9.1 14.9682
9.2 14.9755
9.3 14.9735
9.4 14.9639
9.5 14.953
9.6 14.9476
9.7 14.9504
9.8 14.9596
9.9 14.9695
10 14.9741
10.1 14.9712
10.2 14.9629
10.3 14.9543
10.4 14.9507
10.5 14.9538
10.6 14.9613
10.7 14.9687
10.8 14.9715
10.9 14.9682
11 14.9611
11.1 14.9546
11.2 14.9524
11.3 14.9555
11.4 14.9618
11.5 14.9673
11.6 14.9688
11.7 14.9656
11.8 14.9598
11.9 14.9549
12 14.9538
12.1 14.9568
12.2 14.962
12.3 14.966
12.4 14.9666
12.5 14.9636
12.6 14.9589
12.7 14.9553
12.8 14.9549
12.9 14.9578
13 14.9619
13.1 14.9648
13.2 14.9648
13.3 14.962
13.4 14.9583
13.5 14.9557
13.6 14.9559
13.7 14.9584
13.8 14.9617
13.9 14.9637
14 14.9633
14.1 14.9609
14.2 14.9579
14.3 14.9562
14.4 14.9566
14.5 14.9588
14.6 14.9614
14.7 14.9628
14.8 14.9622
14.9 14.9601
15 14.9578
15.1 14.9566
15.2 14.9572
15.3 14.9591
15.4 14.9611
15.5 14.962
15.6 14.9613
15.7 14.9595
15.8 14.9578
15.9 14.957
16 14.9577
16.1 14.9593
16.2 14.9608
16.3 14.9613
16.4 14.9606
16.5 14.9591
16.6 14.9578
16.7 14.9574
16.8 14.9581
16.9 14.9594
17 14.9605
17.1 14.9608
17.2 14.9601
17.3 14.9589
17.4 14.9579
17.5 14.9577
17.6 14.9584
17.7 14.9594
17.7695 14.9601
