0 0
0.1 0.00212033
0.2 0.0562601
0.3 0.212027
0.4 0.478804
0.5 0.886556
0.6 1.41979
0.7 1.99365
0.8 2.55999
0.9 3.10644
1 3.61645
1.1 4.12213
1.2 4.67838
1.3 5.2836
1.4 5.91214
1.5 6.54046
1.6 7.11636
1.7 7.60446
1.8 8.0282
1.9 8.41909
2 8.80233
2.1 9.21293
2.2 9.6515
2.3 10.0789
2.4 10.4706
2.5 10.8148
2.6 11.1037
2.7 11.3637
2.8 11.6317
2.9 11.9132
3 12.1983
3.1 12.4662
3.2 12.6737
3.3 12.7916
3.4 12.8255
3.5 12.7927
3.6 12.7219
3.7 12.6513
3.8 12.5994
3.9 12.5668
4 12.5611
4.1 12.5942
4.2 12.636
4.3 12.6632
4.4 12.686
4.5 12.669
4.6 12.6007
4.7 12.5328
4.8 12.4837
4.9 12.452
5 12.4606
5.1 12.4917
5.2 12.499
5.3 12.481
5.4 12.4444
5.5 12.3856
5.6 12.3362
5.7 12.3244
5.8 12.3351
5.9 12.3558
6 12.3788
6.1 12.3758
6.2 12.3415
6.3 12.3022
6.4 12.27
6.5 12.2535
6.6 12.2675
6.7 12.2972
6.8 12.3162
6.9 12.3192
7 12.3035
7.1 12.2699
7.2 12.2417
7.3 12.2357
7.4 12.247
7.5 12.2705
7.6 12.2954
7.7 12.3015
7.8 12.2861
7.9 12.2622
8 12.2389
8.1 12.2278
8.2 12.2382
8.3 12.2606
8.4 12.2796
8.5 12.2878
8.6 12.2799
8.7 12.2581
8.8 12.2377
8.9 12.2303
9 12.2367
9.1 12.2546
9.2 12.2745
9.3 12.2825
9.4 12.2756
9.5 12.2597
9.6 12.2419
9.7 12.2324
9.8 12.2381
9.9 12.2534
10 12.269
10.1 12.2777
10.2 12.2739
10.3 12.2592
10.4 12.2438
10.5 12.2357
10.6 12.2381
10.7 12.2504
10.8 12.2651
10.9 12.2728
11 12.27
11.1 12.2591
11.2 12.2452
11.3 12.2367
11.4 12.2386
11.5 12.2485
11.6 12.2606
11.7 12.2685
11.8 12.2674
11.9 12.2578
12 12.2461
12.1 12.2386
12.2 12.2387
12.3 12.2468
12.4 12.2577
12.5 12.2647
12.6 12.2644
12.7 12.2572
12.8 12.2469
12.9 12.2396
13 12.2394
13.1 12.2457
13.2 12.2547
13.3 12.2616
13.4 12.262
13.5 12.2561
13.6 12.2475
13.7 12.2409
13.8 12.2398
13.9 12.2448
14 12.2527
14.1 12.2588
14.2 12.2598
14.3 12.2554
14.4 12.2479
14.5 12.2419
14.6 12.2406
14.7 12.2443
14.8 12.2509
14.9 12.2566
15 12.258
15.1 12.2544
15.2 12.2483
15.3 12.2428
15.4 12.2411
15.5 12.2441
15.6 12.2497
15.7 12.2546
15.8 12.2563
15.9 12.2537
16 12.2485
16.1 12.2436
16.2 12.2418
16.3 12.2439
16.4 12.2486
16.5 12.2531
16.6 12.2548
16.7 12.253
16.8 12.2486
16.9 12.2443
17 12.2424
17.1 12.2439
17.2 12.2478
17.3 12.2518
17.4 12.2536
17.5 12.2523
17.6 12.2487
17.7 12.2449
17.8 12.243
17.9 12.244
18 12.2472
18.1 12.2507
18.2 12.2525
18.3 12.2516
18.321 12.2512
