0 0
0.1 0.0116743
0.2 0.109983
0.3 0.301966
0.4 0.564859
0.5 0.935866
0.6 1.38314
0.7 1.8446
0.8 2.33334
0.9 2.82745
1 3.30753
1.1 3.82909
1.2 4.37196
1.3 4.91777
1.4 5.47208
1.5 5.99152
1.6 6.45533
1.7 6.89435
1.8 7.30313
1.9 7.69562
2 8.1039
2.1 8.49591
2.2 8.86419
2.3 9.21112
2.4 9.51753
2.5 9.79981
2.6 10.0882
2.7 10.3733
2.8 10.661
2.9 10.946
3 11.1881
3.1 11.3847
3.2 11.5346
3.3 11.631
3.4 11.6951
3.5 11.7379
3.6 11.7472
3.7 11.7345
3.8 11.7033
3.9 11.6592
4 11.6464
4.1 11.6891
4.2 11.7311
4.3 11.774
4.4 11.8272
4.5 11.8235
4.6 11.7761
4.7 11.7365
4.8 11.6906
4.9 11.6763
5 11.7163
5.1 11.7417
5.2 11.7555
5.3 11.7511
5.4 11.7016
5.5 11.6564
5.6 11.645
5.7 11.6459
5.8 11.6766
5.9 11.7133
6 11.7077
6.1 11.6863
6.2 11.6529
6.3 11.6136
6.4 11.6109
6.5 11.6358
6.6 11.6579
6.7 11.6808
6.8 11.6776
6.9 11.6421
7 11.6149
7.1 11.5984
7.2 11.5997
7.3 11.6298
7.4 11.6556
7.5 11.6591
7.6 11.6504
7.7 11.6217
7.8 11.5935
7.9 11.5933
8 11.6065
8.1 11.629
8.2 11.6515
8.3 11.6485
8.4 11.6275
8.5 11.6069
8.6 11.5891
8.7 11.5917
8.8 11.6147
8.9 11.6332
9 11.6428
9.1 11.6376
9.2 11.6142
9.3 11.595
9.4 11.5914
9.5 11.5989
9.6 11.6196
9.7 11.6374
9.8 11.6365
9.9 11.6247
10 11.6066
10.1 11.591
10.2 11.5936
10.3 11.6084
10.4 11.6235
10.5 11.6346
10.6 11.6303
10.7 11.6131
10.8 11.5989
10.9 11.5922
11 11.5973
11.1 11.614
11.2 11.6271
11.3 11.6291
11.4 11.6218
11.5 11.6062
11.6 11.594
11.7 11.5948
11.8 11.604
11.9 11.6174
12 11.6273
12.1 11.6243
12.2 11.6129
12.3 11.6011
12.4 11.5937
12.5 11.5976
12.6 11.6099
12.7 11.62
12.8 11.624
12.9 11.6189
13 11.6064
13.1 11.5971
13.2 11.5959
13.3 11.6019
13.4 11.6133
13.5 11.6212
13.6 11.62
13.7 11.6125
13.8 11.6024
13.9 11.5958
14 11.5984
14.076 11.6046
