0 0
0.1 0.00100253
0.2 0.0472145
0.3 0.20474
0.4 0.520488
0.5 1.04411
0.6 1.77505
0.7 2.64182
0.8 3.57018
0.9 4.50534
1 5.4088
1.1 6.28993
1.2 7.19254
1.3 8.1473
1.4 9.1649
1.5 10.235
1.6 11.3165
1.7 12.3621
1.8 13.3476
1.9 14.2722
2 15.1573
2.1 16.0423
2.2 16.9606
2.3 17.9244
2.4 18.9281
2.5 19.9512
2.6 20.9657
2.7 21.9515
2.8 22.8984
2.9 23.8
3 24.6482
3.1 25.4264
3.2 26.1059
3.3 26.6526
3.4 27.0394
3.5 27.2549
3.6 27.3109
3.7 27.2433
3.8 27.1037
3.9 26.9493
4 26.8354
4.1 26.8107
4.2 26.8711
4.3 26.972
4.4 27.07
4.5 27.102
4.6 27.0406
4.7 26.9271
4.8 26.8143
4.9 26.7434
5 26.7456
5.1 26.808
5.2 26.8813
5.3 26.9241
5.4 26.9125
5.5 26.8446
5.6 26.7517
5.7 26.6761
5.8 26.6428
5.9 26.6564
6 26.7006
6.1 26.7426
6.2 26.7555
6.3 26.7322
6.4 26.682
6.5 26.6261
6.6 26.5879
6.7 26.5784
6.8 26.5927
6.9 26.6169
7 26.6337
7.1 26.6309
7.2 26.6088
7.3 26.578
7.4 26.5519
7.5 26.5417
7.6 26.5502
7.7 26.5707
7.8 26.5917
7.9 26.6033
8 26.6008
8.1 26.5873
8.2 26.5715
8.3 26.5626
8.4 26.5655
8.5 26.579
8.6 26.5969
8.7 26.6108
8.8 26.6154
8.9 26.6099
9 26.5987
9.1 26.5882
9.2 26.5841
9.3 26.5882
9.4 26.5979
9.5 26.608
9.6 26.6135
9.7 26.612
9.8 26.6046
9.9 26.5953
10 26.5887
10.1 26.5876
10.2 26.5919
10.3 26.5987
10.4 26.6044
10.5 26.6059
10.6 26.6028
10.7 26.5968
10.8 26.591
10.9 26.5882
11 26.5895
11.1 26.5939
11.2 26.599
11.3 26.6021
11.4 26.6019
11.5 26.5989
11.6 26.5947
11.7 26.5917
11.8 26.5912
11.9 26.5934
12 26.597
12.1 26.6002
12.2 26.6014
12.3 26.6003
12.4 26.5976
12.5 26.5949
12.6 26.5934
12.7 26.5939
12.8 26.596
12.9 26.5985
13 26.6001
13.1 26.6001
13.2 26.5987
13.3 26.5966
13.4 26.5949
13.5 26.5945
13.6 26.5954
13.7 26.597
13.8 26.5985
13.9 26.5991
14 26.5985
14.1 26.5972
14.2 26.5958
14.3 26.5949
14.4 26.5951
14.5 26.596
14.6 26.5971
14.7 26.5979
14.8 26.5979
14.9 26.5972
15 26.5962
15.1 26.5953
15.2 26.595
15.3 26.5954
15.4 26.5961
15.5 26.5968
15.6 26.5971
15.7 26.5969
15.8 26.5962
15.9 26.5955
16 26.595
16.1 26.595
16.2 26.5955
16.3 26.596
16.4 26.5964
16.5 26.5964
16.6 26.596
16.7 26.5955
16.8 26.5951
16.9 26.5949
17 26.5951
17.1 26.5954
17.2 26.5958
17.3 26.5959
17.4 26.5958
17.5 26.5955
17.6 26.5951
17.7 26.5949
17.8 26.5949
17.9 26.5951
18 26.5953
18.1 26.5955
18.2 26.5955
18.3 26.5954
18.4 26.5951
18.458 26.595
