0 0
0.1 0.00456487
0.2 0.04219
0.3 0.119617
0.4 0.237941
0.5 0.416239
0.6 0.633637
0.7 0.878169
0.8 1.14481
0.9 1.41332
1 1.69539
1.1 1.99719
1.2 2.31584
1.3 2.65972
1.4 3.01212
1.5 3.3588
1.6 3.69613
1.7 4.01323
1.8 4.3188
1.9 4.62258
2 4.92337
2.1 5.22527
2.2 5.51841
2.3 5.7902
2.4 6.0398
2.5 6.26299
2.6 6.46544
2.7 6.65656
2.8 6.83367
2.9 6.99591
3 7.13552
3.1 7.2408
3.2 7.3124
3.3 7.35125
3.4 7.36414
3.5 7.3634
3.6 7.35163
3.7 7.33261
3.8 7.30897
3.9 7.28143
4 7.26318
4.1 7.26578
4.2 7.27448
4.3 7.29257
4.4 7.3175
4.5 7.32127
4.6 7.31243
4.7 7.29256
4.8 7.26578
4.9 7.25695
5 7.26022
5.1 7.27187
5.2 7.28797
5.3 7.28816
5.4 7.27707
5.5 7.26087
5.6 7.24374
5.7 7.2421
5.8 7.25244
5.9 7.26653
6 7.28007
6.1 7.27982
6.2 7.26832
6.3 7.25504
6.4 7.24398
6.5 7.24547
6.6 7.25736
6.7 7.26937
6.8 7.27778
6.9 7.27466
7 7.2621
7.1 7.25067
7.2 7.24386
7.3 7.24751
7.4 7.25947
7.5 7.2693
7.6 7.27376
7.7 7.26889
7.8 7.25697
7.9 7.24809
8 7.24516
8.1 7.25057
8.2 7.26184
8.3 7.26941
8.4 7.27073
8.5 7.26469
8.6 7.25402
8.7 7.24755
8.8 7.24747
8.9 7.2538
9 7.2636
9.1 7.26883
9.2 7.2677
9.3 7.26108
9.4 7.25212
9.5 7.24795
9.6 7.25002
9.7 7.25671
9.8 7.26475
9.9 7.2679
10 7.26506
10.1 7.25844
10.2 7.25136
10.3 7.24918
10.4 7.25265
10.5 7.2591
10.6 7.26525
10.7 7.26654
10.8 7.26259
10.9 7.25639
11 7.25116
11.1 7.25065
11.2 7.25491
11.3 7.26076
11.4 7.2651
11.5 7.26489
11.6 7.26042
11.7 7.25497
11.8 7.25147
11.9 7.25228
12 7.25684
12.1 7.26183
12.2 7.26454
12.3 7.2632
12.4 7.25865
12.5 7.25414
12.6 7.25216
12.7 7.25392
12.7225 7.25478
