0 0
0.1 0.00329318
0.2 0.0656368
0.3 0.257466
0.4 0.611313
0.5 1.17045
0.6 1.9446
0.7 2.86763
0.8 3.87076
0.9 4.92323
1 6.00685
1.1 7.12753
1.2 8.32242
1.3 9.60964
1.4 10.9677
1.5 12.3648
1.6 13.7647
1.7 15.1304
1.8 16.4551
1.9 17.7615
2 19.0741
2.1 20.4117
2.2 21.7827
2.3 23.1752
2.4 24.5662
2.5 25.9394
2.6 27.2876
2.7 28.608
2.8 29.8978
2.9 31.1449
3 32.318
3.1 33.3732
3.2 34.2671
3.3 34.9663
3.4 35.4581
3.5 35.7551
3.6 35.8886
3.7 35.8988
3.8 35.8292
3.9 35.7226
4 35.623
4.1 35.5786
4.2 35.5888
4.3 35.6238
4.4 35.6735
4.5 35.6952
4.6 35.6534
4.7 35.5776
4.8 35.5099
4.9 35.4683
5 35.4684
5.1 35.5079
5.2 35.5486
5.3 35.5588
5.4 35.5371
5.5 35.4916
5.6 35.4407
5.7 35.4136
5.8 35.4201
5.9 35.446
6 35.4735
6.1 35.4857
6.2 35.4721
6.3 35.4399
6.4 35.408
6.5 35.3911
6.6 35.3943
6.7 35.4138
6.8 35.437
6.9 35.4499
7 35.4481
7.1 35.4357
7.2 35.4207
7.3 35.4125
7.4 35.4155
7.5 35.4258
7.6 35.4359
7.7 35.4395
7.8 35.4339
7.9 35.4219
8 35.4102
8.1 35.4049
8.2 35.4077
8.3 35.4163
8.4 35.4255
8.5 35.4299
8.6 35.4278
8.7 35.4215
8.8 35.4154
8.9 35.4133
9 35.4171
9.1 35.4249
9.2 35.4328
9.3 35.4374
9.4 35.4374
9.5 35.4342
9.6 35.431
9.7 35.4305
9.8 35.4337
9.9 35.4393
10 35.4447
10.1 35.4477
10.2 35.4473
10.3 35.4445
10.4 35.4416
10.5 35.4406
10.6 35.442
10.7 35.4452
10.8 35.4483
10.9 35.4496
11 35.4487
11.1 35.4463
11.2 35.4438
11.3 35.4427
11.4 35.4434
11.5 35.4454
11.6 35.4472
11.7 35.4479
11.8 35.4471
11.9 35.4454
12 35.4436
12.1 35.4429
12.2 35.4434
12.3 35.4447
12.4 35.4461
12.5 35.4466
12.6 35.446
12.7 35.4448
12.8 35.4437
12.9 35.4432
13 35.4436
13.1 35.4446
13.2 35.4455
13.3 35.4458
13.4 35.4454
13.5 35.4446
13.6 35.4438
13.7 35.4435
13.8 35.4437
13.9 35.4444
14 35.4449
14.1 35.4451
14.2 35.4448
14.3 35.4442
14.4 35.4436
14.5 35.4434
14.6 35.4435
14.7 35.4439
14.8 35.4443
14.9 35.4444
15 35.4441
15.1 35.4437
15.2 35.4433
15.3 35.4431
15.4 35.4432
15.5 35.4434
15.6 35.4437
15.7 35.4437
15.8 35.4435
15.9 35.4432
16 35.4429
16.1 35.4428
16.2 35.4429
16.3 35.4431
16.4 35.4432
16.5 35.4432
16.6 35.4431
16.7 35.4429
16.8 35.4427
16.9 35.4426
17 35.4427
17.1 35.4428
17.2 35.4429
17.3 35.4429
17.4 35.4428
17.5 35.4427
17.6 35.4425
17.7 35.4425
17.8 35.4425
17.9 35.4426
18 35.4427
18.1 35.4427
18.2 35.4426
18.3 35.4425
18.4 35.4424
18.5 35.4424
18.6 35.4424
18.7 35.4425
18.7175 35.4425
