0 0
0.1 0.00422801
0.2 0.0585914
0.3 0.195045
0.4 0.415305
0.5 0.751254
0.6 1.19147
0.7 1.68469
0.8 2.21565
0.9 2.77348
1 3.3472
1.1 3.96556
1.2 4.64784
1.3 5.37764
1.4 6.14358
1.5 6.92124
1.6 7.67395
1.7 8.40156
1.8 9.11692
1.9 9.8263
2 10.5473
2.1 11.2794
2.2 11.9982
2.3 12.6865
2.4 13.3312
2.5 13.9243
2.6 14.4775
2.7 15.0048
2.8 15.5048
2.9 15.9707
3 16.3855
3.1 16.725
3.2 16.9791
3.3 17.152
3.4 17.2535
3.5 17.3027
3.6 17.3151
3.7 17.2957
3.8 17.2507
3.9 17.1908
4 17.1352
4.1 17.1152
4.2 17.1224
4.3 17.1431
4.4 17.1808
4.5 17.1915
4.6 17.1574
4.7 17.1107
4.8 17.0651
4.9 17.0377
5 17.0538
5.1 17.0921
5.2 17.1205
5.3 17.1329
5.4 17.1168
5.5 17.0786
5.6 17.0533
5.7 17.0514
5.8 17.0696
5.9 17.1041
6 17.1289
6.1 17.1266
6.2 17.1056
6.3 17.0763
6.4 17.0545
6.5 17.057
6.6 17.0788
6.7 17.1029
6.8 17.1175
6.9 17.1126
7 17.0896
7.1 17.0665
7.2 17.0561
7.3 17.0624
7.4 17.0832
7.5 17.1042
7.6 17.1109
7.7 17.102
7.8 17.0827
7.9 17.0643
8 17.0593
8.1 17.0695
8.2 17.087
8.3 17.1018
8.4 17.1047
8.5 17.0937
8.6 17.0773
8.7 17.0657
8.8 17.0651
8.9 17.0764
9 17.0919
9.1 17.1014
9.2 17.1
9.3 17.0891
9.4 17.0752
9.5 17.0677
9.6 17.0706
9.7 17.0813
9.8 17.0933
9.9 17.099
10 17.095
10.1 17.0844
10.2 17.0741
10.3 17.0701
10.4 17.0747
10.5 17.0848
10.6 17.0937
10.7 17.0961
10.8 17.091
10.9 17.0815
11 17.074
11.1 17.0729
11.2 17.0784
11.3 17.087
11.4 17.0933
11.5 17.0933
11.6 17.0876
11.7 17.0798
11.8 17.0748
11.9 17.0756
12 17.0814
12.1 17.0883
12.2 17.0922
12.3 17.0907
12.4 17.085
12.5 17.0789
12.6 17.076
12.7 17.078
12.8 17.0835
12.9 17.0889
13 17.0909
13.1 17.0884
13.2 17.0833
13.3 17.0787
13.4 17.0774
13.5 17.0802
13.514 17.0808
