0 0
0.1 0.00278903
0.2 0.0313974
0.3 0.0952617
0.4 0.197337
0.5 0.353225
0.6 0.545499
0.7 0.759907
0.8 0.986671
0.9 1.20589
1 1.42555
1.1 1.65169
1.2 1.88573
1.3 2.13668
1.4 2.39022
1.5 2.63377
1.6 2.86034
1.7 3.05862
1.8 3.23807
1.9 3.40802
2 3.57308
2.1 3.74123
2.2 3.90344
2.3 4.05084
2.4 4.17943
2.5 4.28309
2.6 4.36968
2.7 4.44662
2.8 4.51591
2.9 4.58007
3 4.62943
3.1 4.65462
3.2 4.65184
3.3 4.61851
3.4 4.5636
3.5 4.49741
3.6 4.42678
3.7 4.35884
3.8 4.29322
3.9 4.23113
4 4.18
4.1 4.14746
4.2 4.12581
4.3 4.11445
4.4 4.11181
4.5 4.09597
4.6 4.06849
4.7 4.03151
4.8 3.98874
4.9 3.96038
5 3.94602
5.1 3.94309
5.2 3.94752
5.3 3.9418
5.4 3.92631
5.5 3.90432
5.6 3.88021
5.7 3.8689
5.8 3.86966
5.9 3.87829
6 3.88976
6.1 3.89088
6.2 3.88218
6.3 3.86803
6.4 3.85342
6.5 3.8495
6.6 3.8554
6.7 3.86626
6.8 3.87689
6.9 3.87765
7 3.86955
7.1 3.8576
7.2 3.84693
7.3 3.84571
7.4 3.85266
7.5 3.86268
7.6 3.8707
7.7 3.86986
7.8 3.86166
7.9 3.85123
8 3.84342
8.1 3.84399
8.2 3.85118
8.3 3.85993
8.4 3.86562
8.5 3.86352
8.6 3.85558
8.7 3.84675
8.8 3.84136
8.9 3.84327
9 3.85034
9.1 3.85778
9.2 3.86155
9.3 3.85859
9.4 3.85116
9.5 3.8439
9.6 3.8405
9.7 3.84333
9.8 3.85002
9.9 3.85614
10 3.85833
10.1 3.85481
10.2 3.84807
10.3 3.84229
10.4 3.84048
10.5 3.84389
10.6 3.84998
10.7 3.85481
10.8 3.85572
10.9 3.85191
11 3.84595
11.1 3.84152
11.2 3.84094
11.3 3.84462
11.4 3.84999
11.5 3.85364
11.6 3.85356
11.7 3.84967
11.8 3.84453
11.9 3.84127
12 3.84162
12.1 3.84534
12.2 3.84995
12.3 3.85255
12.4 3.85173
12.5 3.84795
12.6 3.84362
12.7 3.84138
12.8 3.84239
12.9 3.84598
13 3.84982
13.1 3.85153
13.2 3.8502
13.3 3.84663
13.4 3.8431
13.5 3.84172
13.6 3.84317
13.7 3.84652
13.721 3.84725
