0 0
0.1 0.00615829
0.2 0.0685006
0.3 0.211272
0.4 0.430147
0.5 0.757401
0.6 1.17707
0.7 1.64412
0.8 2.15299
0.9 2.69089
1 3.24771
1.1 3.85505
1.2 4.51899
1.3 5.22151
1.4 5.95906
1.5 6.70015
1.6 7.41859
1.7 8.12357
1.8 8.81818
1.9 9.51141
2 10.2184
2.1 10.9273
2.2 11.6174
2.3 12.278
2.4 12.8946
2.5 13.4658
2.6 14.0076
2.7 14.5232
2.8 15.0098
2.9 15.4604
3 15.8513
3.1 16.1668
3.2 16.4046
3.3 16.5672
3.4 16.6687
3.5 16.7252
3.6 16.7428
3.7 16.7254
3.8 16.6802
3.9 16.6175
4 16.5637
4.1 16.5512
4.2 16.5604
4.3 16.5806
4.4 16.6167
4.5 16.6198
4.6 16.5821
4.7 16.538
4.8 16.4944
4.9 16.4731
5 16.4964
5.1 16.5307
5.2 16.5537
5.3 16.5617
5.4 16.5368
5.5 16.5007
5.6 16.4844
5.7 16.4874
5.8 16.5127
5.9 16.5478
6 16.5631
6.1 16.5534
6.2 16.5293
6.3 16.4996
6.4 16.4865
6.5 16.4995
6.6 16.5227
6.7 16.5445
6.8 16.5516
6.9 16.5352
7 16.5099
7.1 16.4918
7.2 16.4887
7.3 16.5048
7.4 16.5288
7.5 16.543
7.6 16.5412
7.7 16.525
7.8 16.5034
7.9 16.4924
8 16.4981
8.1 16.5146
8.2 16.533
8.3 16.5406
8.4 16.5322
8.5 16.5151
8.6 16.4996
8.7 16.4948
8.8 16.5044
8.9 16.521
9 16.5336
9.1 16.5352
9.2 16.5249
9.3 16.5093
9.4 16.4995
9.5 16.5008
9.6 16.5119
9.7 16.526
9.8 16.5335
9.9 16.5301
10 16.5187
10.1 16.5065
10.2 16.5012
10.3 16.5062
10.4 16.5175
10.5 16.5278
10.6 16.5309
10.7 16.5247
10.8 16.5137
10.9 16.5052
11 16.5042
11.1 16.5111
11.2 16.5214
11.3 16.5282
11.4 16.5275
11.5 16.5201
11.6 16.5108
11.7 16.5057
11.8 16.5078
11.9 16.5154
12 16.5235
12.1 16.5271
12.2 16.5239
12.3 16.5163
12.4 16.5094
12.5 16.5073
12.6 16.5113
12.7 16.5186
12.8 16.5243
12.9 16.525
13 16.5205
13.1 16.5137
13.2 16.5091
13.3 16.5095
13.4 16.5144
13.5 16.5206
13.6 16.524
13.667 16.5237
