0 0
0.1 0.00347471
0.2 0.0342401
0.3 0.100493
0.4 0.205741
0.5 0.36628
0.6 0.564848
0.7 0.790195
0.8 1.03326
0.9 1.27394
1 1.52048
1.1 1.77558
1.2 2.03943
1.3 2.32057
1.4 2.60328
1.5 2.87725
1.6 3.13548
1.7 3.36593
1.8 3.57846
1.9 3.77925
2 3.97209
2.1 4.16504
2.2 4.34805
2.3 4.5149
2.4 4.66224
2.5 4.7839
2.6 4.88904
2.7 4.98297
2.8 5.06752
2.9 5.14568
3 5.20686
3.1 5.24382
3.2 5.25295
3.3 5.23092
3.4 5.1871
3.5 5.1292
3.6 5.06325
3.7 4.99671
3.8 4.92887
3.9 4.86374
4 4.81027
4.1 4.77619
4.2 4.75422
4.3 4.74382
4.4 4.74317
4.5 4.73063
4.6 4.70785
4.7 4.67601
4.8 4.63819
4.9 4.61391
5 4.60181
5.1 4.60023
5.2 4.60548
5.3 4.60056
5.4 4.58703
5.5 4.56718
5.6 4.54517
5.7 4.53561
5.8 4.53651
5.9 4.54472
6 4.55543
6.1 4.55569
6.2 4.54747
6.3 4.53414
6.4 4.52052
6.5 4.51762
6.6 4.5231
6.7 4.5331
6.8 4.54265
6.9 4.54224
7 4.53438
7.1 4.52313
7.2 4.51338
7.3 4.51318
7.4 4.51978
7.5 4.52895
7.6 4.53595
7.7 4.53402
7.8 4.52607
7.9 4.5164
8 4.50954
8.1 4.51106
8.2 4.51794
8.3 4.52585
8.4 4.53053
8.5 4.52748
8.6 4.51979
8.7 4.51177
8.8 4.50735
8.9 4.51011
9 4.51686
9.1 4.5234
9.2 4.52616
9.3 4.52236
9.4 4.51525
9.5 4.50888
9.6 4.50645
9.7 4.51002
9.8 4.51632
9.9 4.52149
10 4.52269
10.1 4.51849
10.2 4.51214
10.3 4.50729
10.4 4.50642
10.5 4.51042
10.6 4.51606
10.7 4.51992
10.8 4.5199
10.9 4.51557
11 4.51008
11.1 4.50661
11.2 4.5069
11.3 4.51101
11.4 4.51586
11.5 4.51852
11.6 4.51759
11.7 4.51335
11.8 4.50876
11.9 4.50647
12 4.5076
12.1 4.51159
12.2 4.51559
12.3 4.51722
12.4 4.51566
12.5 4.51167
12.6 4.50797
12.7 4.50668
12.8 4.50837
12.9 4.51208
13 4.51525
13.1 4.51602
13.2 4.51406
13.3 4.51045
13.4 4.5076
13.5 4.50711
13.6 4.50912
13.7 4.51244
13.8 4.51483
13.879 4.5151
