0 0
0.1 0.000503884
0.2 0.0288838
0.3 0.113419
0.4 0.274403
0.5 0.540676
0.6 0.894321
0.7 1.29933
0.8 1.73123
0.9 2.15716
1 2.5754
1.1 3.00848
1.2 3.46569
1.3 3.95889
1.4 4.4811
1.5 4.99908
1.6 5.49089
1.7 5.93964
1.8 6.34015
1.9 6.71389
2 7.07807
2.1 7.44165
2.2 7.80843
2.3 8.16119
2.4 8.48253
2.5 8.76669
2.6 9.01174
2.7 9.23102
2.8 9.44144
2.9 9.64685
3 9.84508
3.1 10.0224
3.2 10.1585
3.3 10.2441
3.4 10.2783
3.5 10.27
3.6 10.2377
3.7 10.1953
3.8 10.1522
3.9 10.116
4 10.0918
4.1 10.0931
4.2 10.114
4.3 10.1436
4.4 10.1741
4.5 10.1744
4.6 10.1438
4.7 10.0996
4.8 10.0506
4.9 10.0228
5 10.0233
5.1 10.0357
5.2 10.051
5.3 10.0509
5.4 10.0256
5.5 9.99004
5.6 9.95483
5.7 9.93254
5.8 9.93366
5.9 9.94634
6 9.9582
6.1 9.96035
6.2 9.94325
6.3 9.91518
6.4 9.8895
6.5 9.87327
6.6 9.874
6.7 9.88649
6.8 9.89746
6.9 9.90021
7 9.88953
7.1 9.86858
7.2 9.84958
7.3 9.8396
7.4 9.8421
7.5 9.85498
7.6 9.86772
7.7 9.87288
7.8 9.86797
7.9 9.85463
8 9.84137
8.1 9.83547
8.2 9.83876
8.3 9.8495
8.4 9.86065
8.5 9.86525
8.6 9.86162
8.7 9.85153
8.8 9.84081
8.9 9.83589
9 9.83842
9.1 9.84658
9.2 9.85553
9.3 9.85942
9.4 9.85657
9.5 9.84885
9.6 9.84036
9.7 9.83626
9.8 9.83835
9.9 9.84474
10 9.85188
10.1 9.85531
10.2 9.85313
10.3 9.84713
10.4 9.84053
10.5 9.8371
10.6 9.8387
10.7 9.84381
10.8 9.84939
10.9 9.85229
11 9.85073
11.1 9.84595
11.2 9.8408
11.3 9.83801
11.4 9.83913
11.5 9.84321
11.6 9.84764
11.7 9.84998
11.8 9.8489
11.9 9.84515
12 9.84104
12.1 9.83882
12.2 9.83961
12.3 9.84281
12.4 9.84637
12.5 9.84826
12.6 9.84749
12.7 9.84456
12.8 9.84129
12.9 9.83949
13 9.84007
13.1 9.84257
13.2 9.84541
13.3 9.84695
13.4 9.84639
13.5 9.84411
13.6 9.84151
13.7 9.84006
13.8 9.84047
13.9 9.84241
14 9.84469
14.055 9.84556
