0 0
0.1 0.00664794
0.2 0.0383988
0.3 0.0976806
0.4 0.185901
0.5 0.31062
0.6 0.462451
0.7 0.638926
0.8 0.835175
0.9 1.04211
1 1.26376
1.1 1.4971
1.2 1.74219
1.3 2
1.4 2.26161
1.5 2.52423
1.6 2.78168
1.7 3.03003
1.8 3.27261
1.9 3.50882
2 3.74226
2.1 3.97298
2.2 4.19722
2.3 4.41404
2.4 4.61867
2.5 4.81115
2.6 4.99256
2.7 5.16215
2.8 5.32186
2.9 5.46752
3 5.59543
3.1 5.70226
3.2 5.78295
3.3 5.83944
3.4 5.87301
3.5 5.88714
3.6 5.88796
3.7 5.87707
3.8 5.85998
3.9 5.84207
4 5.82999
4.1 5.83022
4.2 5.83077
4.3 5.83398
4.4 5.84119
4.5 5.83995
4.6 5.83619
4.7 5.82738
4.8 5.81472
4.9 5.80902
5 5.80535
5.1 5.80679
5.2 5.81071
5.3 5.80901
5.4 5.80582
5.5 5.79831
5.6 5.79055
5.7 5.78812
5.8 5.78803
5.9 5.79251
6 5.79641
6.1 5.79629
6.2 5.79385
6.3 5.78751
6.4 5.78298
6.5 5.78176
6.6 5.78325
6.7 5.78816
6.8 5.79062
6.9 5.79053
7 5.78756
7.1 5.7819
7.2 5.7792
7.3 5.77855
7.4 5.78097
7.5 5.78542
7.6 5.78676
7.7 5.78646
7.8 5.78311
7.9 5.77847
8 5.77699
8.1 5.77699
8.2 5.77999
8.3 5.78363
8.4 5.7843
8.5 5.7836
8.6 5.78012
8.7 5.77662
8.8 5.77586
8.9 5.77651
9 5.77969
9.1 5.78238
9.2 5.78266
9.3 5.78147
9.4 5.77812
9.5 5.77568
9.6 5.77535
9.7 5.77659
9.8 5.77961
9.9 5.78143
10 5.78144
10.1 5.77981
10.2 5.77683
10.3 5.77526
10.4 5.77524
10.5 5.77693
10.6 5.77955
10.7 5.78068
10.8 5.78044
10.9 5.77852
11 5.77607
11.1 5.77513
11.2 5.77542
11.3 5.77734
11.4 5.77946
11.5 5.78008
11.6 5.77958
11.7 5.77757
11.8 5.77568
11.9 5.77519
12 5.77578
12.1 5.77773
12.2 5.77931
12.3 5.77958
12.4 5.77882
12.5 5.7769
12.6 5.77552
12.7 5.77536
12.8 5.77621
12.9 5.778
13 5.77912
13.1 5.77913
13.2 5.77815
13.3 5.77645
13.4 5.77552
13.5 5.77559
13.6 5.77663
13.7 5.77817
13.8 5.77889
13.9 5.7787
14 5.77758
14.0605 5.77667
