0 0
0.1 0.0165106
0.2 0.0973023
0.3 0.24317
0.4 0.456448
0.5 0.752995
0.6 1.10665
0.7 1.51737
0.8 1.9708
0.9 2.4496
1 2.96531
1.1 3.50391
1.2 4.06921
1.3 4.6576
1.4 5.24805
1.5 5.84117
1.6 6.42065
1.7 6.98593
1.8 7.54584
1.9 8.09531
2 8.6453
2.1 9.18909
2.2 9.71966
2.3 10.2388
2.4 10.7373
2.5 11.224
2.6 11.7016
2.7 12.1682
2.8 12.626
2.9 13.0591
3 13.4582
3.1 13.813
3.2 14.1122
3.3 14.359
3.4 14.55
3.5 14.6884
3.6 14.7787
3.7 14.8213
3.8 14.8305
3.9 14.821
4 14.8182
4.1 14.8388
4.2 14.8501
4.3 14.8625
4.4 14.8733
4.5 14.8586
4.6 14.8399
4.7 14.8094
4.8 14.7814
4.9 14.774
5 14.7705
5.1 14.7803
5.2 14.7853
5.3 14.7761
5.4 14.7661
5.5 14.7474
5.6 14.7398
5.7 14.7448
5.8 14.7525
5.9 14.7669
6 14.7684
6.1 14.7609
6.2 14.7504
6.3 14.7369
6.4 14.7372
6.5 14.7438
6.6 14.7537
6.7 14.7631
6.8 14.7592
6.9 14.7513
7 14.7405
7.1 14.7333
7.2 14.7381
7.3 14.7454
7.4 14.7551
7.5 14.7587
7.6 14.7523
7.7 14.7445
7.8 14.7356
7.9 14.7343
8 14.7409
8.1 14.7483
8.2 14.7555
8.3 14.7542
8.4 14.7471
8.5 14.7397
8.6 14.7341
8.7 14.737
8.8 14.7437
8.9 14.7504
9 14.7539
9.1 14.7494
9.2 14.7427
9.3 14.7366
9.4 14.7348
9.5 14.74
9.6 14.7461
9.7 14.7512
9.8 14.7511
9.9 14.7454
10 14.7397
10.1 14.7357
10.2 14.7372
10.3 14.743
10.4 14.748
10.5 14.7508
10.6 14.7479
10.7 14.7423
10.8 14.7379
10.9 14.7363
11 14.74
11.1 14.7452
11.2 14.7488
11.3 14.7491
11.4 14.7448
11.5 14.7401
11.6 14.7373
11.7 14.738
11.8 14.7426
11.9 14.7466
12 14.7486
12.1 14.7468
12.2 14.7423
12.3 14.7389
12.4 14.7377
12.5 14.7402
12.6 14.7445
12.7 14.7473
12.8 14.7475
12.9 14.7445
13 14.7406
13.1 14.7385
13.2 14.7389
13.3 14.7423
13.4 14.7457
13.5 14.7471
13.6 14.7459
13.7 14.7424
13.8 14.7396
13.9 14.7388
14 14.7406
14.1 14.7439
14.1025 14.744
