0 0
0.1 0.00752877
0.2 0.0665646
0.3 0.184888
0.4 0.357449
0.5 0.60611
0.6 0.901795
0.7 1.22215
0.8 1.55901
0.9 1.88788
1 2.21795
1.1 2.56215
1.2 2.91593
1.3 3.28494
1.4 3.65349
1.5 3.99737
1.6 4.31327
1.7 4.59309
1.8 4.84464
1.9 5.08743
2 5.32176
2.1 5.55096
2.2 5.76822
2.3 5.95673
2.4 6.11779
2.5 6.25251
2.6 6.36886
2.7 6.48215
2.8 6.59141
2.9 6.69235
3 6.77541
3.1 6.82522
3.2 6.83995
3.3 6.82374
3.4 6.78517
3.5 6.73887
3.6 6.69072
3.7 6.64272
3.8 6.5978
3.9 6.55888
4 6.54035
4.1 6.55748
4.2 6.58224
4.3 6.61305
4.4 6.65118
4.5 6.65786
4.6 6.64204
4.7 6.61358
4.8 6.5764
4.9 6.56161
5 6.56778
5.1 6.58116
5.2 6.59783
5.3 6.59469
5.4 6.57079
5.5 6.54338
5.6 6.51717
5.7 6.51004
5.8 6.52358
5.9 6.5394
6 6.55202
6.1 6.54779
6.2 6.52569
6.3 6.50377
6.4 6.48824
6.5 6.48907
6.6 6.50597
6.7 6.52199
6.8 6.53006
6.9 6.52343
7 6.50362
7.1 6.48609
7.2 6.47838
7.3 6.48434
7.4 6.50131
7.5 6.51516
7.6 6.51834
7.7 6.50928
7.8 6.49162
7.9 6.47813
8 6.47594
8.1 6.4848
8.2 6.50017
8.3 6.51058
8.4 6.50959
8.5 6.49886
8.6 6.48362
8.7 6.47412
8.8 6.47585
8.9 6.48613
9 6.49914
9.1 6.50586
9.2 6.50183
9.3 6.49048
9.4 6.47804
9.5 6.47236
9.6 6.47684
9.7 6.48747
9.8 6.49782
9.9 6.50115
10 6.49511
10.1 6.48411
10.2 6.47461
10.3 6.47227
10.4 6.47849
10.5 6.48856
10.6 6.49616
10.7 6.49661
10.8 6.48942
10.9 6.47949
11 6.47284
11.1 6.47323
11.2 6.48034
11.3 6.4892
11.4 6.49419
11.5 6.49238
11.6 6.48481
11.7 6.47642
11.8 6.47236
11.9 6.47479
12 6.48205
12.1 6.48932
12.2 6.49195
12.3 6.48853
12.4 6.48117
12.5 6.47456
12.6 6.47274
12.7 6.47653
12.8 6.4834
12.9 6.4889
13 6.48955
13.1 6.48514
13.2 6.47846
13.3 6.47367
13.4 6.47369
13.5 6.47822
13.6 6.4843
13.7 6.48806
13.8 6.48715
13.9 6.4823
14 6.47659
14.1 6.47353
14.1055 6.47349
