0 0
0.1 0.00357858
0.2 0.0640393
0.3 0.240103
0.4 0.551713
0.5 1.03588
0.6 1.69487
0.7 2.46249
0.8 3.28389
0.9 4.13805
1 5.00868
1.1 5.90769
1.2 6.87214
1.3 7.90786
1.4 8.98932
1.5 10.0894
1.6 11.1712
1.7 12.2048
1.8 13.1974
1.9 14.1734
2 15.1532
2.1 16.1539
2.2 17.1762
2.3 18.2009
2.4 19.208
2.5 20.19
2.6 21.1474
2.7 22.0873
2.8 23.0165
2.9 23.9253
3 24.7847
3.1 25.5573
3.2 26.206
3.3 26.7042
3.4 27.0479
3.5 27.2515
3.6 27.3394
3.7 27.3413
3.8 27.2859
3.9 27.2014
4 27.1215
4.1 27.0876
4.2 27.0954
4.3 27.1207
4.4 27.1611
4.5 27.1754
4.6 27.1317
4.7 27.0623
4.8 27.0011
4.9 26.9614
5 26.9629
5.1 27.0003
5.2 27.0333
5.3 27.0385
5.4 27.0162
5.5 26.9703
5.6 26.9231
5.7 26.9036
5.8 26.9143
5.9 26.9407
6 26.9675
6.1 26.9755
6.2 26.9566
6.3 26.9239
6.4 26.8961
6.5 26.885
6.6 26.8949
6.7 26.9184
6.8 26.9379
6.9 26.9414
7 26.9293
7.1 26.9087
7.2 26.8925
7.3 26.8916
7.4 26.9057
7.5 26.9255
7.6 26.94
7.7 26.9411
7.8 26.9283
7.9 26.9099
8 26.8965
8.1 26.8946
8.2 26.9039
8.3 26.9182
8.4 26.9281
8.5 26.928
8.6 26.919
8.7 26.9068
8.8 26.8987
8.9 26.8996
9 26.9084
9.1 26.9197
9.2 26.9273
9.3 26.9274
9.4 26.921
9.5 26.9129
9.6 26.9084
9.7 26.9104
9.8 26.9178
9.9 26.9264
10 26.9317
10.1 26.9313
10.2 26.9262
10.3 26.9203
10.4 26.9172
10.5 26.919
10.6 26.9244
10.7 26.9303
10.8 26.9335
10.9 26.9323
11 26.928
11.1 26.9234
11.2 26.9212
11.3 26.9226
11.4 26.9265
11.5 26.9305
11.6 26.9323
11.7 26.931
11.8 26.9276
11.9 26.9242
12 26.9227
12.1 26.9239
12.2 26.9268
12.3 26.9296
12.4 26.9307
12.5 26.9295
12.6 26.9268
12.7 26.9243
12.8 26.9234
12.9 26.9245
13 26.9267
13.1 26.9287
13.2 26.9293
13.3 26.9283
13.4 26.9263
13.5 26.9245
13.6 26.924
13.7 26.9249
13.8 26.9266
13.9 26.928
14 26.9283
14.1 26.9274
14.2 26.9259
14.3 26.9246
14.4 26.9244
14.5 26.9251
14.6 26.9264
14.7 26.9273
14.8 26.9275
14.9 26.9267
15 26.9256
15.1 26.9247
15.2 26.9246
15.3 26.9252
15.4 26.9261
15.5 26.9267
15.6 26.9268
15.7 26.9261
15.8 26.9253
15.9 26.9247
16 26.9247
16.1 26.9252
16.2 26.9258
16.3 26.9263
16.4 26.9262
16.5 26.9257
16.6 26.9251
16.7 26.9247
16.8 26.9247
16.9 26.9251
17 26.9256
17.1 26.9259
17.2 26.9258
17.3 26.9254
17.4 26.925
17.5 26.9247
17.6 26.9247
17.7 26.925
17.8 26.9254
17.9 26.9256
18 26.9255
18.1 26.9252
18.2 26.9249
18.3 26.9247
18.4 26.9247
18.5 26.925
18.6 26.9252
18.7 26.9254
18.8 26.9253
18.9 26.925
19 26.9248
19.1 26.9247
19.2 26.9247
19.3 26.9249
19.3265 26.925
