0 0
0.1 0.000765825
0.2 0.0346262
0.3 0.135737
0.4 0.326188
0.5 0.639559
0.6 1.05966
0.7 1.54171
0.8 2.0583
0.9 2.57551
1 3.08458
1.1 3.61318
1.2 4.1748
1.3 4.77658
1.4 5.41584
1.5 6.05664
1.6 6.66798
1.7 7.23583
1.8 7.75249
1.9 8.23627
2 8.71251
2.1 9.18928
2.2 9.66859
2.3 10.1382
2.4 10.5749
2.5 10.9701
2.6 11.3256
2.7 11.6498
2.8 11.9608
2.9 12.2658
3 12.557
3.1 12.8203
3.2 13.0337
3.3 13.1806
3.4 13.2608
3.5 13.283
3.6 13.2643
3.7 13.2248
3.8 13.1771
3.9 13.131
4 13.0988
4.1 13.0966
4.2 13.1171
4.3 13.1487
4.4 13.1819
4.5 13.1813
4.6 13.1447
4.7 13.0939
4.8 13.0401
4.9 13.0095
5 13.0138
5.1 13.0325
5.2 13.0516
5.3 13.055
5.4 13.029
5.5 12.9889
5.6 12.952
5.7 12.9289
5.8 12.931
5.9 12.9492
6 12.9646
6.1 12.9682
6.2 12.9525
6.3 12.9218
6.4 12.8939
6.5 12.8784
6.6 12.8796
6.7 12.895
6.8 12.9099
6.9 12.9132
7 12.9028
7.1 12.881
7.2 12.8593
7.3 12.8495
7.4 12.8533
7.5 12.8678
7.6 12.884
7.7 12.8911
7.8 12.8862
7.9 12.8731
8 12.8585
8.1 12.8518
8.2 12.8561
8.3 12.8678
8.4 12.8807
8.5 12.8871
8.6 12.8835
8.7 12.8731
8.8 12.8617
8.9 12.8556
9 12.8582
9.1 12.8671
9.2 12.8767
9.3 12.8818
9.4 12.8792
9.5 12.8709
9.6 12.862
9.7 12.857
9.8 12.8587
9.9 12.8656
10 12.8732
10.1 12.8772
10.2 12.8756
10.3 12.8693
10.4 12.8622
10.5 12.8584
10.6 12.8594
10.7 12.8647
10.8 12.8707
10.9 12.874
11 12.8729
11.1 12.8682
11.2 12.8626
11.3 12.8595
11.4 12.8602
11.5 12.8641
11.6 12.8689
11.7 12.8716
11.8 12.8709
11.9 12.8673
12 12.863
12.1 12.8604
12.2 12.8609
12.3 12.8639
12.4 12.8676
12.5 12.8698
12.6 12.8694
12.7 12.8666
12.8 12.8633
12.9 12.8612
13 12.8615
13.1 12.8638
13.2 12.8667
13.3 12.8685
13.4 12.8682
13.5 12.8661
13.6 12.8635
13.7 12.8619
13.8 12.862
13.9 12.8638
14 12.866
14.1 12.8675
14.2 12.8673
14.3 12.8658
14.4 12.8637
14.5 12.8624
14.591 12.8624
