0 0
0.1 0.00980914
0.2 0.102583
0.3 0.298446
0.4 0.571226
0.5 0.956744
0.6 1.43378
0.7 1.92434
0.8 2.42912
0.9 2.94661
1 3.44487
1.1 3.97465
1.2 4.54772
1.3 5.12359
1.4 5.6994
1.5 6.25333
1.6 6.7405
1.7 7.18351
1.8 7.61135
1.9 8.01647
2 8.42894
2.1 8.84732
2.2 9.23262
2.3 9.58324
2.4 9.90436
2.5 10.1882
2.6 10.4655
2.7 10.7595
2.8 11.0484
2.9 11.3278
3 11.5797
3.1 11.7695
3.2 11.9003
3.3 11.9876
3.4 12.0314
3.5 12.0497
3.6 12.0537
3.7 12.0271
3.8 11.979
3.9 11.93
4 11.9003
4.1 11.9278
4.2 11.9771
4.3 12.0189
4.4 12.0721
4.5 12.0816
4.6 12.0227
4.7 11.9675
4.8 11.9263
4.9 11.9007
5 11.9377
5.1 11.9858
5.2 11.997
5.3 11.9888
5.4 11.9497
5.5 11.8864
5.6 11.8632
5.7 11.8785
5.8 11.9029
5.9 11.9434
6 11.9585
6.1 11.9254
6.2 11.8842
6.3 11.8511
6.4 11.8319
6.5 11.8552
6.6 11.8964
6.7 11.9143
6.8 11.9151
6.9 11.89
7 11.8449
7.1 11.8221
7.2 11.8301
7.3 11.8514
7.4 11.8846
7.5 11.904
7.6 11.8869
7.7 11.8575
7.8 11.8305
7.9 11.8143
8 11.8285
8.1 11.8606
8.2 11.8809
8.3 11.8859
8.4 11.871
8.5 11.8381
8.6 11.8173
8.7 11.8192
8.8 11.8355
8.9 11.8621
9 11.881
9.1 11.874
9.2 11.8528
9.3 11.8308
9.4 11.816
9.5 11.8235
9.6 11.8471
9.7 11.8662
9.8 11.8736
9.9 11.8648
10 11.8411
10.1 11.8221
10.2 11.82
10.3 11.8308
10.4 11.8512
10.5 11.8678
10.6 11.8664
10.7 11.8515
10.8 11.8334
10.9 11.82
11 11.8225
11.1 11.8392
11.2 11.8556
11.3 11.864
11.4 11.8595
11.5 11.8426
11.6 11.8264
11.7 11.8218
11.8 11.8286
11.9 11.8438
12 11.8583
12.1 11.8601
12.2 11.8503
12.3 11.8359
12.4 11.8241
12.5 11.8235
12.6 11.8349
12.7 11.8484
12.8 11.8567
12.9 11.8552
13 11.8433
13.1 11.83
13.2 11.8243
13.3 11.8279
13.4 11.8391
13.5 11.8511
13.6 11.8547
13.7 11.8486
13.8 11.8376
13.8905 11.8282
