0 0
0.1 0.01451
0.2 0.113892
0.3 0.300724
0.4 0.574297
0.5 0.96677
0.6 1.44394
0.7 1.9926
0.8 2.60869
0.9 3.26662
1 3.9793
1.1 4.7578
1.2 5.58463
1.3 6.46925
1.4 7.38333
1.5 8.30278
1.6 9.23152
1.7 10.15
1.8 11.0733
1.9 12.007
2 12.9379
2.1 13.865
2.2 14.7666
2.3 15.6271
2.4 16.4482
2.5 17.2242
2.6 17.9591
2.7 18.6553
2.8 19.2939
2.9 19.8653
3 20.3529
3.1 20.7436
3.2 21.0457
3.3 21.2618
3.4 21.4036
3.5 21.4825
3.6 21.4996
3.7 21.4671
3.8 21.4003
3.9 21.3231
4 21.2761
4.1 21.2837
4.2 21.2994
4.3 21.3262
4.4 21.3578
4.5 21.3508
4.6 21.3275
4.7 21.2994
4.8 21.2736
4.9 21.2806
5 21.3056
5.1 21.3253
5.2 21.3413
5.3 21.3258
5.4 21.2979
5.5 21.2808
5.6 21.2709
5.7 21.29
5.8 21.3151
5.9 21.3277
6 21.3285
6.1 21.307
6.2 21.2831
6.3 21.2747
6.4 21.2797
6.5 21.3004
6.6 21.3205
6.7 21.322
6.8 21.3118
6.9 21.2908
7 21.2744
7.1 21.2773
7.2 21.2899
7.3 21.3091
7.4 21.3202
7.5 21.3133
7.6 21.2985
7.7 21.2821
7.8 21.2758
7.9 21.2858
8 21.3014
8.1 21.3141
8.2 21.3161
8.3 21.3034
8.4 21.2885
8.5 21.2793
8.6 21.2812
8.7 21.2949
8.8 21.308
8.9 21.3133
9 21.3079
9.1 21.2938
9.2 21.2829
9.3 21.2812
9.4 21.2891
9.5 21.3025
9.6 21.3108
9.7 21.3092
9.8 21.2998
9.9 21.2878
10 21.2825
10.1 21.2869
10.2 21.297
10.3 21.3071
10.4 21.3095
10.5 21.303
10.6 21.2929
10.7 21.285
10.8 21.2853
10.9 21.2931
11 21.3025
11.1 21.3079
11.2 21.3053
11.3 21.2967
11.4 21.2886
11.5 21.2857
11.6 21.2902
11.7 21.2989
11.8 21.3054
11.9 21.306
12 21.3002
12.1 21.292
12.2 21.2874
12.3 21.2888
12.4 21.2953
12.5 21.3026
12.6 21.3053
12.7 21.3022
12.8 21.2954
12.9 21.2894
13 21.2885
13.1 21.2928
13.2 21.2994
13.3 21.3039
13.4 21.3031
13.5 21.298
13.6 21.292
13.7 21.2892
13.8 21.2914
13.9 21.2968
13.9815 21.3011
