0 0
0.1 0.00149702
0.2 0.0449211
0.3 0.161865
0.4 0.358582
0.5 0.664472
0.6 1.05351
0.7 1.46268
0.8 1.87183
0.9 2.25749
1 2.6102
1.1 2.97562
1.2 3.37476
1.3 3.79984
1.4 4.25035
1.5 4.68699
1.6 5.06515
1.7 5.387
1.8 5.65808
1.9 5.89616
2 6.1437
2.1 6.40777
2.2 6.67142
2.3 6.92379
2.4 7.13588
2.5 7.29162
2.6 7.41236
2.7 7.51561
2.8 7.61812
2.9 7.73803
3 7.85902
3.1 7.95292
3.2 8.0047
3.3 7.99871
3.4 7.94007
3.5 7.85934
3.6 7.77778
3.7 7.71081
3.8 7.66997
3.9 7.64695
4 7.63839
4.1 7.65973
4.2 7.68897
4.3 7.71344
4.4 7.74386
4.5 7.73918
4.6 7.69518
4.7 7.64898
4.8 7.598
4.9 7.55991
5 7.56075
5.1 7.56933
5.2 7.56932
5.3 7.56326
5.4 7.52795
5.5 7.47592
5.6 7.43948
5.7 7.41566
5.8 7.41184
5.9 7.43149
6 7.44276
6.1 7.43617
6.2 7.41846
6.3 7.38388
6.4 7.35167
6.5 7.34299
6.6 7.34842
6.7 7.36484
6.8 7.38526
6.9 7.38664
7 7.37056
7.1 7.34962
7.2 7.32677
7.3 7.31757
7.4 7.32933
7.5 7.34678
7.6 7.36248
7.7 7.36964
7.8 7.35783
7.9 7.33738
8 7.32205
8.1 7.31474
8.2 7.32224
8.3 7.34106
8.4 7.35509
8.5 7.35925
8.6 7.35247
8.7 7.33476
8.8 7.31935
8.9 7.31566
9 7.32176
9.1 7.33632
9.2 7.35111
9.3 7.35445
9.4 7.34714
9.5 7.3339
9.6 7.31978
9.7 7.31506
9.8 7.32208
9.9 7.33403
10 7.34579
10.1 7.35044
10.2 7.34347
10.3 7.33103
10.4 7.32017
10.5 7.3153
10.6 7.3206
10.7 7.3323
10.8 7.34194
10.9 7.34549
11 7.3407
11.1 7.32932
11.2 7.31943
11.3 7.31619
11.4 7.32015
11.5 7.32996
11.6 7.33929
11.7 7.34189
11.8 7.33756
11.9 7.32854
12 7.31941
12.1 7.31636
12.2 7.32044
12.3 7.32841
12.4 7.33641
12.5 7.33936
12.6 7.33522
12.7 7.32737
12.8 7.31997
12.9 7.31682
13 7.32025
13.1 7.3276
13.2 7.33417
13.3 7.33681
13.4 7.3337
13.5 7.32655
13.6 7.32012
13.7 7.31766
13.8 7.32023
13.9 7.32663
14 7.33266
14.033 7.33386
