0 0
0.1 0.00265038
0.2 0.0243002
0.3 0.0695284
0.4 0.141114
0.5 0.250473
0.6 0.385811
0.7 0.542016
0.8 0.713666
0.9 0.88832
1 1.07346
1.1 1.26944
1.2 1.47722
1.3 1.70229
1.4 1.93268
1.5 2.16348
1.6 2.3888
1.7 2.60073
1.8 2.80664
1.9 3.00789
2 3.20759
2.1 3.40964
2.2 3.60546
2.3 3.79212
2.4 3.96486
2.5 4.11943
2.6 4.26172
2.7 4.39243
2.8 4.51377
2.9 4.62624
3 4.72193
3.1 4.79756
3.2 4.84872
3.3 4.87411
3.4 4.88013
3.5 4.87031
3.6 4.85061
3.7 4.82512
3.8 4.7937
3.9 4.76107
4 4.73213
4.1 4.71389
4.2 4.70176
4.3 4.69565
4.4 4.69664
4.5 4.68921
4.6 4.67594
4.7 4.65737
4.8 4.63402
4.9 4.62021
5 4.61325
5.1 4.61278
5.2 4.6174
5.3 4.61444
5.4 4.60683
5.5 4.59484
5.6 4.58066
5.7 4.57514
5.8 4.57517
5.9 4.5802
6 4.5872
6.1 4.58679
6.2 4.5819
6.3 4.57312
6.4 4.56389
6.5 4.56205
6.6 4.5647
6.7 4.57098
6.8 4.57708
6.9 4.57647
7 4.5719
7.1 4.56439
7.2 4.5579
7.3 4.55779
7.4 4.5614
7.5 4.56753
7.6 4.57213
7.7 4.57089
7.8 4.56636
7.9 4.55984
8 4.5554
8.1 4.5564
8.2 4.56037
8.3 4.56592
8.4 4.56905
8.5 4.56724
8.6 4.56284
8.7 4.55731
8.8 4.5545
8.9 4.55622
9 4.56023
9.1 4.56497
9.2 4.56684
9.3 4.56462
9.4 4.56044
9.5 4.55592
9.6 4.55439
9.7 4.55658
9.8 4.56043
9.9 4.56431
10 4.56516
10.1 4.56269
10.2 4.55886
10.3 4.5553
10.4 4.55477
10.5 4.55721
10.6 4.56075
10.7 4.56377
10.8 4.56382
10.9 4.56123
11 4.55782
11.1 4.55514
11.2 4.55535
11.3 4.55788
11.4 4.561
11.5 4.56321
11.6 4.56266
11.7 4.56009
11.8 4.55714
11.9 4.55526
12 4.556
12.1 4.55848
12.2 4.56115
12.3 4.56263
12.4 4.56166
12.5 4.55921
12.6 4.55674
12.7 4.55556
12.8 4.55665
12.9 4.55899
13 4.56118
13.1 4.56205
13.2 4.56081
13.3 4.55855
13.4 4.55656
13.5 4.55595
13.6 4.55726
13.7 4.55939
13.781 4.56086
