0 0
0.1 0.0030223
0.2 0.0591284
0.3 0.22528
0.4 0.523263
0.5 0.9922
0.6 1.6382
0.7 2.40162
0.8 3.23732
0.9 4.13351
1 5.0791
1.1 6.08926
1.2 7.20231
1.3 8.42274
1.4 9.72297
1.5 11.0753
1.6 12.4424
1.7 13.7899
1.8 15.1198
1.9 16.4506
2 17.7909
2.1 19.1464
2.2 20.5079
2.3 21.8429
2.4 23.1202
2.5 24.3236
2.6 25.4457
2.7 26.4893
2.8 27.4637
2.9 28.3658
3 29.1777
3.1 29.8768
3.2 30.4416
3.3 30.8584
3.4 31.1328
3.5 31.2857
3.6 31.3424
3.7 31.3295
3.8 31.2723
3.9 31.1929
4 31.1199
4.1 31.0924
4.2 31.108
4.3 31.1442
4.4 31.198
4.5 31.2276
4.6 31.2009
4.7 31.1479
4.8 31.1
4.9 31.0705
5 31.0805
5.1 31.1269
5.2 31.1715
5.3 31.1914
5.4 31.1854
5.5 31.155
5.6 31.1192
5.7 31.1067
5.8 31.1212
5.9 31.1494
6 31.1791
6.1 31.1922
6.2 31.1786
6.3 31.1505
6.4 31.1251
6.5 31.1131
6.6 31.1208
6.7 31.1427
6.8 31.1625
6.9 31.1686
7 31.1596
7.1 31.141
7.2 31.1235
7.3 31.1187
7.4 31.1282
7.5 31.1447
7.6 31.1594
7.7 31.1641
7.8 31.1563
7.9 31.1421
8 31.1307
8.1 31.1276
8.2 31.1344
8.3 31.1466
8.4 31.1562
8.5 31.1578
8.6 31.1512
8.7 31.1406
8.8 31.1322
8.9 31.1308
9 31.1367
9.1 31.1456
9.2 31.1525
9.3 31.1537
9.4 31.1488
9.5 31.1413
9.6 31.136
9.7 31.1357
9.8 31.1402
9.9 31.1467
10 31.1513
10.1 31.1513
10.2 31.1473
10.3 31.1417
10.4 31.1378
10.5 31.1377
10.6 31.1412
10.7 31.1458
10.8 31.1488
10.9 31.1486
11 31.1455
11.1 31.1416
11.2 31.1392
11.3 31.1396
11.4 31.1423
11.5 31.1457
11.6 31.1478
11.7 31.1474
11.8 31.145
11.9 31.1422
12 31.1405
12.1 31.1409
12.2 31.143
12.3 31.1453
12.4 31.1466
12.5 31.1461
12.6 31.1443
12.7 31.1423
12.8 31.1412
12.9 31.1417
13 31.1432
13.1 31.145
13.2 31.1458
13.3 31.1454
13.4 31.1441
13.5 31.1426
13.6 31.142
13.7 31.1424
13.8 31.1436
13.9 31.1448
14 31.1453
14.1 31.1449
14.1155 31.1448
