0 0
0.1 0.0150069
0.2 0.131536
0.3 0.364775
0.4 0.697901
0.5 1.15947
0.6 1.71869
0.7 2.327
0.8 2.97997
0.9 3.64884
1 4.33124
1.1 5.05517
1.2 5.80493
1.3 6.57824
1.4 7.35634
1.5 8.10463
1.6 8.8176
1.7 9.49829
1.8 10.1562
1.9 10.8144
2 11.4774
2.1 12.1363
2.2 12.7843
2.3 13.4075
2.4 14.0084
2.5 14.6017
2.6 15.1985
2.7 15.8064
2.8 16.4167
2.9 17.0041
3 17.5418
3.1 18.0069
3.2 18.3866
3.3 18.682
3.4 18.8971
3.5 19.0361
3.6 19.1032
3.7 19.1043
3.8 19.0565
3.9 18.992
4 18.9557
4.1 18.9848
4.2 19.025
4.3 19.0612
4.4 19.1014
4.5 19.0948
4.6 19.0469
4.7 19.0017
4.8 18.961
4.9 18.9569
5 18.9924
5.1 19.0205
5.2 19.0356
5.3 19.0184
5.4 18.972
5.5 18.9344
5.6 18.9197
5.7 18.9319
5.8 18.9649
5.9 18.9862
6 18.9801
6.1 18.9519
6.2 18.9116
6.3 18.8871
6.4 18.8907
6.5 18.9134
6.6 18.9403
6.7 18.9498
6.8 18.9329
6.9 18.9022
7 18.8747
7.1 18.8666
7.2 18.8828
7.3 18.9085
7.4 18.9262
7.5 18.9239
7.6 18.9017
7.7 18.875
7.8 18.8606
7.9 18.8663
8 18.8878
8.1 18.9094
8.2 18.9162
8.3 18.9043
8.4 18.8813
8.5 18.8623
8.6 18.8595
8.7 18.8734
8.8 18.8943
8.9 18.9079
9 18.9052
9.1 18.8887
9.2 18.8696
9.3 18.8606
9.4 18.8674
9.5 18.8851
9.6 18.9016
9.7 18.9065
9.8 18.8968
9.9 18.8795
10 18.8664
10.1 18.8658
10.2 18.8777
10.3 18.8938
10.4 18.9032
10.5 18.9
10.6 18.8867
10.7 18.8722
10.8 18.8661
10.9 18.872
11 18.8855
11.1 18.8975
11.2 18.8999
11.3 18.8916
11.4 18.8783
11.5 18.8688
11.6 18.8693
11.7 18.8791
11.8 18.8912
11.9 18.8977
12 18.8945
12.1 18.8839
12.2 18.8732
12.3 18.8694
12.4 18.8748
12.5 18.8854
12.6 18.894
12.7 18.8952
12.8 18.8882
12.9 18.878
13 18.8714
13.1 18.8726
13.2 18.8804
13.3 18.8896
13.4 18.8939
13.5 18.8908
13.6 18.8824
13.7 18.8745
13.8 18.8723
13.9 18.8769
14 18.8851
14.1 18.8913
14.2 18.8916
14.3 18.8858
14.4 18.8781
14.5 18.8735
14.6 18.8749
14.7 18.8812
14.8 18.888
14.9 18.8909
15 18.888
15.1 18.8814
15.2 18.8757
15.3 18.8744
15.4 18.8783
15.5 18.8847
15.6 18.8891
15.7 18.8888
15.8 18.8841
15.9 18.8783
16 18.8751
16.1 18.8766
16.2 18.8816
16.3 18.8867
16.4 18.8885
16.5 18.8859
16.6 18.8808
16.7 18.8766
16.8 18.876
16.9 18.8793
17 18.8841
17.1 18.8873
17.2 18.8867
17.3 18.8829
17.4 18.8785
17.5 18.8764
17.6 18.8779
17.7 18.8818
17.8 18.8855
17.9 18.8866
18 18.8843
18.1 18.8804
18.2 18.8774
18.3 18.8773
18.4 18.88
18.5 18.8836
18.6 18.8858
18.648 18.8858
