0 0
0.1 0.00660639
0.2 0.0716283
0.3 0.219622
0.4 0.44759
0.5 0.788469
0.6 1.22428
0.7 1.71076
0.8 2.23922
0.9 2.79058
1 3.35357
1.1 3.95694
1.2 4.60261
1.3 5.27559
1.4 5.97191
1.5 6.6564
1.6 7.30596
1.7 7.92742
1.8 8.5216
1.9 9.10337
2 9.68924
2.1 10.2704
2.2 10.8342
2.3 11.3721
2.4 11.8721
2.5 12.3397
2.6 12.7924
2.7 13.2358
2.8 13.6731
2.9 14.0959
3 14.4795
3.1 14.8072
3.2 15.0691
3.3 15.2623
3.4 15.3966
3.5 15.4819
3.6 15.5219
3.7 15.5212
3.8 15.4859
3.9 15.4283
4 15.3781
4.1 15.367
4.2 15.3759
4.3 15.3962
4.4 15.4313
4.5 15.4329
4.6 15.3949
4.7 15.3484
4.8 15.3002
4.9 15.2753
5 15.2933
5.1 15.3216
5.2 15.3412
5.3 15.3446
5.4 15.3139
5.5 15.274
5.6 15.2516
5.7 15.2486
5.8 15.2711
5.9 15.3032
6 15.3167
6.1 15.3079
6.2 15.2828
6.3 15.2519
6.4 15.239
6.5 15.2505
6.6 15.2734
6.7 15.2972
6.8 15.3048
6.9 15.2893
7 15.2651
7.1 15.2453
7.2 15.2411
7.3 15.2568
7.4 15.2798
7.5 15.2944
7.6 15.2937
7.7 15.2769
7.8 15.2548
7.9 15.2431
8 15.247
8.1 15.2633
8.2 15.2826
8.3 15.2909
8.4 15.2841
8.5 15.2677
8.6 15.2514
8.7 15.246
8.8 15.2548
8.9 15.2708
9 15.284
9.1 15.2864
9.2 15.2761
9.3 15.2605
9.4 15.2498
9.5 15.2497
9.6 15.2603
9.7 15.2745
9.8 15.2826
9.9 15.2802
10 15.2692
10.1 15.2566
10.2 15.2507
10.3 15.255
10.4 15.266
10.5 15.277
10.6 15.2808
10.7 15.2753
10.8 15.2646
10.9 15.2555
11 15.2537
11.1 15.2601
11.2 15.2703
11.3 15.2776
11.4 15.2777
11.5 15.2707
11.6 15.2613
11.7 15.2556
11.8 15.257
11.9 15.2642
12 15.2726
12.1 15.2767
12.2 15.2741
12.3 15.2668
12.4 15.2594
12.5 15.2568
12.6 15.2602
12.7 15.2673
12.8 15.2734
12.9 15.2748
13 15.2706
13.1 15.2639
13.2 15.2588
13.3 15.2586
13.4 15.2631
13.5 15.2693
13.6 15.2732
13.7 15.2724
13.8 15.2677
13.9 15.262
14 15.2592
14.1 15.2607
14.2 15.2655
14.3 15.2704
14.4 15.2723
14.5 15.27
14.6 15.2653
14.7 15.2612
14.8 15.2601
14.9 15.2628
15 15.2672
15.1 15.2706
15.2 15.2708
15.3 15.2679
15.4 15.2637
15.5 15.261
15.6 15.2614
15.7 15.2645
15.8 15.2683
15.9 15.2702
16 15.2693
16.1 15.2661
16.2 15.2628
16.3 15.2615
16.4 15.2628
16.5 15.2659
16.6 15.2687
16.7 15.2695
16.8 15.2678
16.9 15.2648
17 15.2625
17.1 15.2622
17.2 15.2641
17.3 15.2669
17.4 15.2687
17.485 15.2687
