0 0
0.1 0.00212078
0.2 0.0310112
0.3 0.0994517
0.4 0.212969
0.5 0.391252
0.6 0.615789
0.7 0.867511
0.8 1.13579
0.9 1.39695
1 1.65772
1.1 1.92881
1.2 2.21022
1.3 2.51214
1.4 2.82089
1.5 3.11696
1.6 3.39342
1.7 3.63712
1.8 3.85475
1.9 4.06143
2 4.26082
2.1 4.46112
2.2 4.65612
2.3 4.83132
2.4 4.98365
2.5 5.10805
2.6 5.21015
2.7 5.30338
2.8 5.39012
2.9 5.47209
3 5.54247
3.1 5.58686
3.2 5.60084
3.3 5.58284
3.4 5.53877
3.5 5.48295
3.6 5.4229
3.7 5.36456
3.8 5.31073
3.9 5.25989
4 5.21956
4.1 5.20079
4.2 5.19336
4.3 5.19704
4.4 5.20881
4.5 5.20015
4.6 5.17415
4.7 5.1346
4.8 5.08497
4.9 5.0512
5 5.03357
5.1 5.02692
5.2 5.02887
5.3 5.01818
5.4 4.99398
5.5 4.96365
5.6 4.93025
5.7 4.91162
5.8 4.90943
5.9 4.91513
6 4.92493
6.1 4.92395
6.2 4.90985
6.3 4.89145
6.4 4.87281
6.5 4.86581
6.6 4.87263
6.7 4.88408
6.8 4.89541
6.9 4.89688
7 4.88633
7.1 4.87262
7.2 4.86072
7.3 4.85832
7.4 4.86711
7.5 4.87855
7.6 4.88736
7.7 4.88747
7.8 4.87762
7.9 4.86583
8 4.85748
8.1 4.85726
8.2 4.8659
8.3 4.87593
8.4 4.88199
8.5 4.88051
8.6 4.87128
8.7 4.86122
8.8 4.85554
8.9 4.8569
9 4.86501
9.1 4.87351
9.2 4.87742
9.3 4.87482
9.4 4.86647
9.5 4.85819
9.6 4.85464
9.7 4.85716
9.8 4.86457
9.9 4.87157
10 4.87383
10.1 4.87051
10.2 4.86313
10.3 4.85653
10.4 4.85462
10.5 4.85785
10.6 4.86443
10.7 4.86995
10.8 4.87092
10.9 4.86719
11 4.86079
11.1 4.85569
11.2 4.85501
11.3 4.85859
11.4 4.86429
11.5 4.86848
11.6 4.86847
11.7 4.86462
11.8 4.85916
11.9 4.8554
12 4.85562
12.1 4.85928
12.2 4.86412
12.3 4.86714
12.4 4.86642
12.5 4.86265
12.6 4.85811
12.7 4.85547
12.8 4.85634
12.9 4.85989
13 4.86389
13.1 4.86593
13.2 4.86472
13.3 4.86118
13.4 4.85748
13.5 4.85577
13.512 4.85577
