0 0
0.1 0.00218339
0.2 0.0543164
0.3 0.19895
0.4 0.440933
0.5 0.809852
0.6 1.28775
0.7 1.79559
0.8 2.29732
0.9 2.78114
1 3.23049
1.1 3.68196
1.2 4.18161
1.3 4.71923
1.4 5.27568
1.5 5.82821
1.6 6.32354
1.7 6.73957
1.8 7.10347
1.9 7.43694
2 7.76626
2.1 8.12391
2.2 8.49689
2.3 8.84999
2.4 9.16872
2.5 9.43773
2.6 9.65515
2.7 9.85619
2.8 10.0666
2.9 10.286
3 10.5105
3.1 10.714
3.2 10.8555
3.3 10.9226
3.4 10.9235
3.5 10.8727
3.6 10.8034
3.7 10.7449
3.8 10.7009
3.9 10.6732
4 10.6681
4.1 10.6922
4.2 10.7237
4.3 10.7486
4.4 10.7733
4.5 10.7615
4.6 10.7052
4.7 10.6454
4.8 10.5931
4.9 10.5558
5 10.5578
5.1 10.5783
5.2 10.5829
5.3 10.5715
5.4 10.5393
5.5 10.4847
5.6 10.4407
5.7 10.4254
5.8 10.4283
5.9 10.4469
6 10.4681
6.1 10.4639
6.2 10.4369
6.3 10.4044
6.4 10.3722
6.5 10.3572
6.6 10.3706
6.7 10.3937
6.8 10.4108
6.9 10.4168
7 10.4013
7.1 10.3711
7.2 10.3488
7.3 10.3418
7.4 10.3502
7.5 10.3735
7.6 10.3947
7.7 10.3983
7.8 10.3869
7.9 10.3659
8 10.3438
8.1 10.3365
8.2 10.3471
8.3 10.3651
8.4 10.3824
8.5 10.3896
8.6 10.3795
8.7 10.36
8.8 10.3438
8.9 10.3369
9 10.3438
9.1 10.3617
9.2 10.3775
9.3 10.3825
9.4 10.3761
9.5 10.3603
9.6 10.3442
9.7 10.3388
9.8 10.3452
9.9 10.3587
10 10.3731
10.1 10.3789
10.2 10.3723
10.3 10.359
10.4 10.346
10.5 10.3396
10.6 10.3445
10.7 10.3571
10.8 10.3687
10.9 10.3738
11 10.3695
11.1 10.3577
11.2 10.3458
11.3 10.3409
11.4 10.3444
11.5 10.3545
11.6 10.3654
11.7 10.3701
11.8 10.3662
11.9 10.3567
12 10.3465
12.1 10.3413
12.2 10.3445
12.3 10.3532
12.4 10.3622
12.5 10.3667
12.6 10.364
12.7 10.3555
12.8 10.3467
12.9 10.3424
13 10.3444
13.1 10.3518
13.2 10.36
13.3 10.3639
13.4 10.3617
13.5 10.3549
13.6 10.347
13.7 10.3429
13.8 10.3447
13.9 10.3509
14 10.3579
14.1 10.3617
14.2 10.36
14.3 10.354
14.4 10.3474
14.5 10.3437
14.6 10.3449
14.7 10.3502
14.8 10.3563
14.9 10.3596
15 10.3585
15.1 10.3535
15.2 10.3476
15.3 10.3443
15.4 10.3452
15.5 10.3496
15.6 10.3549
15.7 10.3581
15.8 10.3571
15.9 10.3529
16 10.3479
16.1 10.3449
16.2 10.3455
16.3 10.3493
16.4 10.3538
16.5 10.3566
16.6 10.3561
16.688 10.3531
