0 0
0.1 0.00852683
0.2 0.0922462
0.3 0.286013
0.4 0.583661
0.5 1.0209
0.6 1.58698
0.7 2.22393
0.8 2.91616
0.9 3.652
1 4.41049
1.1 5.22151
1.2 6.09425
1.3 7.00607
1.4 7.94495
1.5 8.88056
1.6 9.78202
1.7 10.6529
1.8 11.5075
1.9 12.3542
2 13.2098
2.1 14.0707
2.2 14.9156
2.3 15.7357
2.4 16.5251
2.5 17.2875
2.6 18.0397
2.7 18.7905
2.8 19.5306
2.9 20.2418
3 20.8943
3.1 21.4575
3.2 21.9182
3.3 22.273
3.4 22.5274
3.5 22.6926
3.6 22.7767
3.7 22.7867
3.8 22.7382
3.9 22.6585
4 22.5882
4.1 22.5722
4.2 22.5869
4.3 22.6121
4.4 22.6541
4.5 22.6611
4.6 22.615
4.7 22.5616
4.8 22.5165
4.9 22.4946
5 22.523
5.1 22.564
5.2 22.5841
5.3 22.5809
5.4 22.5452
5.5 22.4974
5.6 22.475
5.7 22.4835
5.8 22.5114
5.9 22.5465
6 22.5585
6.1 22.5384
6.2 22.5053
6.3 22.4753
6.4 22.4666
6.5 22.4868
6.6 22.5181
6.7 22.5387
6.8 22.5387
6.9 22.5163
7 22.486
7.1 22.4702
7.2 22.4759
7.3 22.4985
7.4 22.524
7.5 22.5343
7.6 22.5232
7.7 22.4998
7.8 22.4783
7.9 22.4721
8 22.4856
8.1 22.508
8.2 22.5248
8.3 22.5264
8.4 22.512
8.5 22.492
8.6 22.4803
8.7 22.484
8.8 22.5002
8.9 22.5187
9 22.527
9.1 22.5204
9.2 22.5042
9.3 22.4886
9.4 22.4838
9.5 22.4923
9.6 22.5078
9.7 22.5199
9.8 22.5211
9.9 22.5108
10 22.4962
10.1 22.487
10.2 22.4886
10.3 22.4997
10.4 22.5128
10.5 22.5193
10.6 22.5154
10.7 22.5042
10.8 22.4933
10.9 22.4897
11 22.4955
11.1 22.5066
11.2 22.5157
11.3 22.5172
11.4 22.5103
11.5 22.5001
11.6 22.4933
11.7 22.4941
11.8 22.5017
11.9 22.511
12 22.516
12.1 22.5136
12.2 22.5058
12.3 22.4978
12.4 22.4949
12.5 22.4986
12.6 22.5064
12.7 22.513
12.8 22.5142
12.9 22.5096
13 22.5023
13.1 22.4972
13.2 22.4975
13.3 22.5027
13.4 22.5093
13.5 22.513
13.6 22.5115
13.7 22.5061
13.8 22.5003
13.9 22.498
14 22.5004
14.1 22.5058
14.2 22.5105
14.3 22.5116
14.4 22.5085
14.5 22.5034
14.6 22.4996
14.7 22.4995
14.8 22.503
14.9 22.5077
15 22.5105
15.1 22.5096
15.2 22.5059
15.3 22.5017
15.4 22.4999
15.5 22.5014
15.6 22.5051
15.7 22.5086
15.8 22.5095
15.9 22.5075
16 22.5039
16.1 22.5011
16.2 22.5008
16.3 22.5032
16.4 22.5065
16.5 22.5086
16.6 22.5082
16.7 22.5056
16.8 22.5026
16.9 22.5012
17 22.5021
17.1 22.5047
17.2 22.5072
17.3 22.508
17.4 22.5067
17.5 22.5041
17.6 22.5021
17.7 22.5018
17.8 22.5034
17.9 22.5058
18 22.5073
18.1 22.5071
18.2 22.5053
18.3 22.5032
18.4 22.5021
18.5 22.5027
18.6 22.5045
18.7 22.5063
18.8 22.5069
18.9 22.506
19 22.5043
19.1 22.5028
19.2 22.5025
19.3 22.5036
19.4 22.5052
19.4425 22.5059
