0 0
0.1 0.000729519
0.2 0.0426212
0.3 0.186652
0.4 0.483123
0.5 0.989309
0.6 1.71225
0.7 2.60027
0.8 3.60354
0.9 4.67658
1 5.78386
1.1 6.93543
1.2 8.15959
1.3 9.46891
1.4 10.8699
1.5 12.3481
1.6 13.8604
1.7 15.3703
1.8 16.857
1.9 18.3108
2 19.7445
2.1 21.1816
2.2 22.6327
2.3 24.0983
2.4 25.5689
2.5 27.0206
2.6 28.4307
2.7 29.7849
2.8 31.0705
2.9 32.2772
3 33.3944
3.1 34.401
3.2 35.2693
3.3 35.9738
3.4 36.4942
3.5 36.8249
3.6 36.9811
3.7 36.9945
3.8 36.909
3.9 36.7773
4 36.6532
4.1 36.5904
4.2 36.6015
4.3 36.6632
4.4 36.7438
4.5 36.7847
4.6 36.7582
4.7 36.6888
4.8 36.607
4.9 36.5469
5 36.5396
5.1 36.5769
5.2 36.6278
5.3 36.6678
5.4 36.6736
5.5 36.6399
5.6 36.5896
5.7 36.5467
5.8 36.5268
5.9 36.5381
6 36.5687
6.1 36.5954
6.2 36.6024
6.3 36.5826
6.4 36.541
6.5 36.4981
6.6 36.4742
6.7 36.4774
6.8 36.5053
6.9 36.5438
7 36.5734
7.1 36.5834
7.2 36.5743
7.3 36.5546
7.4 36.5379
7.5 36.535
7.6 36.5467
7.7 36.5667
7.8 36.5855
7.9 36.5938
8 36.5885
8.1 36.5743
8.2 36.5587
8.3 36.5493
8.4 36.55
8.5 36.5586
8.6 36.5693
8.7 36.5761
8.8 36.5755
8.9 36.5681
9 36.558
9.1 36.5503
9.2 36.5481
9.3 36.5518
9.4 36.5584
9.5 36.564
9.6 36.5656
9.7 36.5624
9.8 36.5565
9.9 36.5508
10 36.548
10.1 36.5489
10.2 36.5527
10.3 36.5567
10.4 36.5589
10.5 36.5581
10.6 36.555
10.7 36.5512
10.8 36.5487
10.9 36.5484
11 36.5502
11.1 36.5529
11.2 36.5549
11.3 36.5552
11.4 36.5539
11.5 36.5518
11.6 36.5499
11.7 36.5493
11.8 36.5501
11.9 36.5518
12 36.5533
12.1 36.5541
12.2 36.5538
12.3 36.5527
12.4 36.5515
12.5 36.5509
12.6 36.5511
12.7 36.552
12.8 36.5531
12.9 36.5539
13 36.554
13.1 36.5535
13.2 36.5528
13.3 36.5523
13.4 36.5523
13.5 36.5528
13.6 36.5535
13.7 36.5541
13.8 36.5544
13.9 36.5543
14 36.554
14.1 36.5537
14.1305 36.5537
