0 0
0.1 0.00186824
0.2 0.0622177
0.3 0.260938
0.4 0.637319
0.5 1.22958
0.6 2.03758
0.7 2.97033
0.8 3.92583
0.9 4.86085
1 5.757
1.1 6.62209
1.2 7.51875
1.3 8.50432
1.4 9.57173
1.5 10.6839
1.6 11.799
1.7 12.8569
1.8 13.8174
1.9 14.7042
2 15.569
2.1 16.4538
2.2 17.3981
2.3 18.4203
2.4 19.4901
2.5 20.5598
2.6 21.6013
2.7 22.5966
2.8 23.5372
2.9 24.4365
3 25.3026
3.1 26.1108
3.2 26.8186
3.3 27.3832
3.4 27.7625
3.5 27.9392
3.6 27.9414
3.7 27.8266
3.8 27.6605
3.9 27.5113
4 27.4366
4.1 27.4705
4.2 27.5796
4.3 27.6952
4.4 27.7757
4.5 27.7701
4.6 27.66
4.7 27.5134
4.8 27.4103
4.9 27.3788
5 27.4251
5.1 27.5293
5.2 27.6209
5.3 27.6377
5.4 27.5791
5.5 27.4746
5.6 27.3617
5.7 27.2946
5.8 27.3055
5.9 27.3693
6 27.4387
6.1 27.4783
6.2 27.4608
6.3 27.3844
6.4 27.2905
6.5 27.228
6.6 27.2181
6.7 27.2603
6.8 27.3335
6.9 27.3925
7 27.4
7.1 27.3549
7.2 27.2792
7.3 27.2043
7.4 27.1657
7.5 27.1805
7.6 27.2318
7.7 27.2872
7.8 27.3187
7.9 27.3087
8 27.2601
8.1 27.1999
8.2 27.1595
8.3 27.1547
8.4 27.1847
8.5 27.2334
8.6 27.2735
8.7 27.2833
8.8 27.2611
8.9 27.2207
9 27.1822
9.1 27.1661
9.2 27.1809
9.3 27.217
9.4 27.2548
9.5 27.277
9.6 27.2735
9.7 27.2473
9.8 27.2141
9.9 27.1924
10 27.1921
10.1 27.2125
10.2 27.2433
10.3 27.2679
10.4 27.2738
10.5 27.2598
10.6 27.2342
10.7 27.21
10.8 27.1997
10.9 27.2079
11 27.2289
11.1 27.251
11.2 27.2631
11.3 27.2595
11.4 27.2423
11.5 27.2211
11.6 27.207
11.7 27.2062
11.8 27.2184
11.9 27.2367
12 27.2514
12.1 27.2549
12.2 27.2462
12.3 27.2304
12.4 27.2157
12.5 27.2095
12.6 27.2148
12.7 27.228
12.8 27.2419
12.9 27.2497
13 27.2476
13.1 27.2372
13.2 27.2243
13.3 27.2158
13.4 27.2156
13.5 27.2233
13.6 27.2349
13.7 27.244
13.8 27.2462
13.9 27.2409
14 27.2311
14.1 27.2221
14.2 27.2184
14.3 27.2216
14.4 27.2298
14.5 27.2384
14.6 27.2432
14.7 27.2419
14.8 27.2354
14.9 27.2274
15 27.222
15.1 27.2218
15.2 27.2266
15.3 27.2338
15.4 27.2395
15.5 27.2409
15.6 27.2375
15.7 27.2313
15.8 27.2256
15.9 27.2233
16 27.2253
16.1 27.2304
16.2 27.2358
16.3 27.2388
16.4 27.2379
16.5 27.2338
16.6 27.2287
16.7 27.2253
16.8 27.2252
16.9 27.2283
17 27.2328
17.1 27.2363
17.2 27.2371
17.3 27.235
17.4 27.2311
17.5 27.2275
17.6 27.226
17.7 27.2273
17.8 27.2305
17.9 27.2339
18 27.2357
18.1 27.2351
18.2 27.2325
18.3 27.2293
18.4 27.2272
18.5 27.2271
18.6 27.2291
18.7 27.2319
18.8 27.2341
18.9 27.2346
19 27.2332
19.1 27.2307
19.2 27.2284
19.3 27.2275
19.4 27.2284
19.5 27.2304
19.6 27.2325
19.7 27.2337
19.8 27.2332
19.9 27.2316
20 27.2296
20.1 27.2282
20.2 27.2282
20.3 27.2294
20.4 27.2312
20.5 27.2326
20.6 27.2329
20.7 27.232
20.8 27.2304
20.9 27.229
21 27.2284
21.1 27.229
21.2 27.2303
21.3 27.2316
21.4 27.2323
21.4195 27.2323
