0 0
0.1 0.0263326
0.2 0.222004
0.3 0.5673
0.4 1.03282
0.5 1.66989
0.6 2.42765
0.7 3.23536
0.8 4.14207
0.9 5.06944
1 6.04144
1.1 7.09395
1.2 8.17872
1.3 9.30398
1.4 10.4618
1.5 11.5885
1.6 12.719
1.7 13.8553
1.8 14.9893
1.9 16.1707
2 17.3742
2.1 18.5826
2.2 19.8083
2.3 21.0242
2.4 22.242
2.5 23.4974
2.6 24.7649
2.7 26.0531
2.8 27.3311
2.9 28.5382
3 29.6462
3.1 30.6186
3.2 31.4174
3.3 32.06
3.4 32.5297
3.5 32.8326
3.6 32.9943
3.7 33.0254
3.8 32.9701
3.9 32.899
4 32.8639
4.1 32.9233
4.2 32.9656
4.3 32.9899
4.4 33.0327
4.5 33.0136
4.6 32.9559
4.7 32.9495
4.8 32.9189
4.9 32.9455
5 33.0058
5.1 33.0168
5.2 33.0229
5.3 33.0028
5.4 32.9397
5.5 32.9311
5.6 32.9367
5.7 32.9479
5.8 32.9915
5.9 32.9847
6 32.95
6.1 32.9231
6.2 32.8775
6.3 32.8691
6.4 32.8995
6.5 32.9073
6.6 32.9241
6.7 32.9112
6.8 32.8638
6.9 32.8394
7 32.8258
7.1 32.826
7.2 32.862
7.3 32.8703
7.4 32.8612
7.5 32.8445
7.6 32.8053
7.7 32.7883
7.8 32.8006
7.9 32.8108
8 32.8358
8.1 32.8411
8.2 32.8163
8.3 32.7969
8.4 32.7761
8.5 32.7695
8.6 32.7932
8.7 32.8088
8.8 32.8163
8.9 32.8142
9 32.7871
9.1 32.7695
9.2 32.7684
9.3 32.7743
9.4 32.7978
9.5 32.8132
9.6 32.8065
9.7 32.7965
9.8 32.7766
9.9 32.765
10 32.7763
10.1 32.79
10.2 32.8043
10.3 32.8117
10.4 32.7968
10.5 32.7814
10.6 32.7718
10.7 32.7692
10.8 32.7846
10.9 32.8002
11 32.8039
11.1 32.8015
11.2 32.7859
11.3 32.7715
11.4 32.7718
11.5 32.7783
11.6 32.792
11.7 32.8038
11.8 32.7995
11.9 32.7896
12 32.778
12.1 32.7697
12.2 32.7766
12.3 32.7885
12.4 32.7972
12.5 32.8014
12.6 32.7929
12.7 32.7802
12.8 32.7746
12.9 32.7743
13 32.7838
13.1 32.7958
13.2 32.7987
13.3 32.7952
13.4 32.7859
13.5 32.7756
13.6 32.7756
13.7 32.7819
13.8 32.7907
13.9 32.7985
14 32.7965
14.1 32.7882
14.2 32.7807
14.3 32.7759
14.4 32.7799
14.5 32.7892
14.6 32.7953
14.7 32.797
14.8 32.7918
14.9 32.7826
15 32.7784
15.1 32.7796
15.2 32.7857
15.3 32.794
15.4 32.7964
15.5 32.793
15.6 32.7867
15.7 32.78
15.8 32.7795
15.9 32.7847
16 32.7909
16.1 32.7956
16.2 32.7945
16.3 32.7883
16.4 32.7828
16.5 32.7803
16.6 32.7829
16.7 32.7895
16.8 32.794
16.9 32.7944
17 32.7908
17.1 32.7846
17.2 32.7814
17.3 32.7828
17.4 32.7871
17.5 32.7925
17.6 32.7944
17.7 32.7916
17.8 32.787
17.9 32.7828
18 32.7823
18.1 32.7861
18.2 32.7906
18.3 32.7934
18.4 32.7927
18.5 32.7883
18.6 32.7842
18.7 32.7829
18.8 32.7847
18.9 32.7892
19 32.7925
19.1 32.7925
19.2 32.7898
19.3 32.7856
19.4 32.7833
19.5 32.7845
19.6 32.7877
19.7 32.7912
19.8 32.7925
19.9 32.7904
20 32.787
20.1 32.7843
20.2 32.784
20.3 32.7867
20.4 32.79
20.5 32.7917
20.6 32.7911
20.7 32.788
20.8 32.7851
20.9 32.7843
21 32.7858
21.1 32.7888
21.2 32.7911
21.3 32.791
21.4 32.7889
21.5 32.7862
21.6 32.7845
21.7 32.7854
21.8 32.7878
21.8115 32.7881
