0 0
0.1 0.00685678
0.2 0.0694934
0.3 0.205953
0.4 0.41359
0.5 0.723657
0.6 1.11409
0.7 1.55013
0.8 2.02649
0.9 2.52062
1 3.02793
1.1 3.57398
1.2 4.15306
1.3 4.75781
1.4 5.38341
1.5 5.99263
1.6 6.57341
1.7 7.12864
1.8 7.65474
1.9 8.17216
2 8.68961
2.1 9.19657
2.2 9.68802
2.3 10.1508
2.4 10.5743
2.5 10.9692
2.6 11.3456
2.7 11.7096
2.8 12.0685
2.9 12.4095
3 12.7144
3.1 12.9729
3.2 13.1728
3.3 13.3169
3.4 13.416
3.5 13.4749
3.6 13.5002
3.7 13.4951
3.8 13.461
3.9 13.4118
4 13.3726
4.1 13.368
4.2 13.38
4.3 13.4018
4.4 13.4345
4.5 13.4351
4.6 13.4029
4.7 13.362
4.8 13.3182
4.9 13.298
5 13.3141
5.1 13.3369
5.2 13.3552
5.3 13.3569
5.4 13.3272
5.5 13.2942
5.6 13.2741
5.7 13.2712
5.8 13.2943
5.9 13.3215
6 13.3324
6.1 13.3259
6.2 13.3014
6.3 13.2739
6.4 13.2649
6.5 13.2742
6.6 13.2955
6.7 13.3179
6.8 13.3221
6.9 13.308
7 13.2868
7.1 13.2677
7.2 13.2657
7.3 13.281
7.4 13.3006
7.5 13.3145
7.6 13.313
7.7 13.2962
7.8 13.2773
7.9 13.2669
8 13.2705
8.1 13.2869
8.2 13.3036
8.3 13.3099
8.4 13.3036
8.5 13.2875
8.6 13.2726
8.7 13.2691
8.8 13.2774
8.9 13.2925
9 13.3048
9.1 13.3056
9.2 13.2957
9.3 13.2815
9.4 13.2715
9.5 13.2725
9.6 13.2831
9.7 13.2958
9.8 13.3031
9.9 13.3001
10 13.289
10.1 13.2776
10.2 13.2726
10.3 13.2771
10.4 13.2881
10.5 13.298
10.6 13.3008
10.7 13.2952
10.8 13.2846
10.9 13.2763
11 13.2754
11.1 13.282
11.2 13.2918
11.3 13.2985
11.4 13.2977
11.5 13.2905
11.6 13.2816
11.7 13.2765
11.8 13.2786
11.9 13.2859
12 13.2938
12.1 13.2973
12.2 13.2942
12.3 13.2867
12.4 13.2799
12.5 13.2778
12.6 13.2817
12.7 13.2888
12.8 13.2945
12.9 13.2952
13 13.2907
13.1 13.284
13.2 13.2794
13.3 13.2798
13.4 13.2846
13.5 13.2907
13.6 13.2942
13.7 13.2928
13.766 13.2898
