0 0
0.1 0.00933345
0.2 0.113426
0.3 0.36585
0.4 0.734957
0.5 1.24132
0.6 1.89374
0.7 2.59055
0.8 3.27393
0.9 3.97821
1 4.69307
1.1 5.4199
1.2 6.21219
1.3 7.06395
1.4 7.90114
1.5 8.70194
1.6 9.46045
1.7 10.1477
1.8 10.7951
1.9 11.4617
2 12.1495
2.1 12.8379
2.2 13.5288
2.3 14.1928
2.4 14.8028
2.5 15.3895
2.6 15.9863
2.7 16.5939
2.8 17.2138
2.9 17.833
3 18.3933
3.1 18.8527
3.2 19.2066
3.3 19.4535
3.4 19.6024
3.5 19.6857
3.6 19.7178
3.7 19.6906
3.8 19.618
3.9 19.5284
4 19.4568
4.1 19.456
4.2 19.5027
4.3 19.549
4.4 19.6075
4.5 19.634
4.6 19.5679
4.7 19.4751
4.8 19.4272
4.9 19.4103
5 19.4394
5.1 19.5167
5.2 19.5653
5.3 19.5409
5.4 19.4877
5.5 19.4262
5.6 19.3719
5.7 19.3772
5.8 19.4365
5.9 19.4854
6 19.4991
6.1 19.4811
6.2 19.4209
6.3 19.3541
6.4 19.3363
6.5 19.3635
6.6 19.405
6.7 19.4458
6.8 19.4565
6.9 19.4151
7 19.3571
7.1 19.3223
7.2 19.3176
7.3 19.3454
7.4 19.3946
7.5 19.4229
7.6 19.408
7.7 19.369
7.8 19.3258
7.9 19.2977
8 19.3079
8.1 19.349
8.2 19.3855
8.3 19.3978
8.4 19.3831
8.5 19.3451
8.6 19.3085
8.7 19.3018
8.8 19.3249
8.9 19.3588
9 19.3871
9.1 19.3911
9.2 19.3646
9.3 19.3283
9.4 19.3068
9.5 19.3087
9.6 19.3326
9.7 19.3656
9.8 19.3832
9.9 19.3737
10 19.3469
10.1 19.3189
10.2 19.3049
10.3 19.3156
10.4 19.3438
10.5 19.3682
10.6 19.3749
10.7 19.3616
10.8 19.3351
10.9 19.3126
11 19.3099
11.1 19.3269
11.2 19.3511
11.3 19.3688
11.4 19.3688
11.5 19.3502
11.6 19.3265
11.7 19.3134
11.8 19.3174
11.9 19.3358
12 19.3575
12.1 19.3677
12.2 19.3601
12.3 19.3412
12.4 19.3228
12.5 19.3158
12.6 19.3251
12.7 19.3444
12.8 19.3603
12.9 19.3634
13 19.3526
13.1 19.3345
13.2 19.3207
13.3 19.3205
13.4 19.333
13.5 19.3497
13.6 19.3605
13.7 19.3586
13.8 19.3452
13.9 19.3295
14 19.3217
14.1 19.3259
14.2 19.3392
14.3 19.3533
14.4 19.3589
14.5 19.3526
14.6 19.3392
14.7 19.3272
14.8 19.3239
14.9 19.3313
15 19.3444
15.1 19.3545
15.2 19.3555
15.3 19.3471
15.4 19.3348
15.5 19.3264
15.6 19.3273
15.7 19.3364
15.8 19.3477
15.9 19.354
16 19.3516
16.1 19.342
16.2 19.3317
16.3 19.3272
16.4 19.331
16.5 19.3404
16.6 19.3495
16.7 19.3523
16.8 19.3473
16.9 19.338
17 19.3303
17.1 19.3289
17.2 19.3346
17.3 19.3436
17.4 19.3498
17.5 19.3497
17.6 19.3434
17.7 19.3351
17.8 19.33
17.9 19.3314
18 19.338
18.1 19.3455
18.2 19.3491
18.3 19.3468
18.4 19.34
18.5 19.3333
18.6 19.3308
18.7 19.334
18.8 19.3406
18.9 19.3464
19 19.3477
19.1 19.3438
19.2 19.3374
19.3 19.3325
19.4 19.3322
19.5 19.3365
19.6 19.3425
19.7 19.3464
19.8 19.3457
19.9 19.3411
20 19.3356
20.043 19.3338
