0 0
0.1 0.000683271
0.2 0.0360692
0.3 0.146578
0.4 0.356457
0.5 0.698281
0.6 1.15368
0.7 1.66507
0.8 2.19131
0.9 2.69464
1 3.16198
1.1 3.62413
1.2 4.10885
1.3 4.62944
1.4 5.18723
1.5 5.7501
1.6 6.27719
1.7 6.74652
1.8 7.15019
1.9 7.50464
2 7.84405
2.1 8.19131
2.2 8.55394
2.3 8.92394
2.4 9.27672
2.5 9.59178
2.6 9.86442
2.7 10.1019
2.8 10.3226
2.9 10.5441
3 10.7679
3.1 10.981
3.2 11.1606
3.3 11.2821
3.4 11.3338
3.5 11.3214
3.6 11.2635
3.7 11.1868
3.8 11.1159
3.9 11.0669
4 11.0514
4.1 11.0807
4.2 11.1362
4.3 11.191
4.4 11.2302
4.5 11.2184
4.6 11.1571
4.7 11.0826
4.8 11.0171
4.9 10.9862
5 11.0007
5.1 11.0332
5.2 11.057
5.3 11.0547
5.4 11.0144
5.5 10.9533
5.6 10.8993
5.7 10.8687
5.8 10.8707
5.9 10.8962
6 10.9199
6.1 10.9242
6.2 10.9024
6.3 10.8596
6.4 10.8164
6.5 10.7914
6.6 10.7909
6.7 10.811
6.8 10.836
6.9 10.8475
7 10.8382
7.1 10.8114
7.2 10.7793
7.3 10.7582
7.4 10.7568
7.5 10.7728
7.6 10.7959
7.7 10.8121
7.8 10.812
7.9 10.7967
8 10.7747
8.1 10.7578
8.2 10.7552
8.3 10.767
8.4 10.786
8.5 10.8018
8.6 10.8059
8.7 10.7967
8.8 10.7802
8.9 10.7655
9 10.7605
9.1 10.7673
9.2 10.7813
9.3 10.7946
9.4 10.8
9.5 10.7948
9.6 10.7823
9.7 10.7697
9.8 10.7635
9.9 10.7665
10 10.7765
10.1 10.7876
10.2 10.7934
10.3 10.7912
10.4 10.7824
10.5 10.772
10.6 10.7656
10.7 10.7663
10.8 10.7731
10.9 10.782
11 10.7879
11.1 10.7877
11.2 10.7817
11.3 10.7735
11.4 10.7674
11.5 10.7666
11.6 10.7711
11.7 10.778
11.8 10.7834
11.9 10.7845
12 10.7807
12.1 10.7744
12.2 10.769
12.3 10.7673
12.4 10.7699
12.5 10.7752
12.6 10.7799
12.7 10.7817
12.8 10.7795
12.9 10.7748
13 10.7702
13.1 10.7681
13.2 10.7695
13.3 10.7732
13.4 10.7773
13.5 10.7793
13.6 10.7783
13.7 10.775
13.8 10.7712
13.9 10.7689
14 10.7694
14.1 10.772
14.2 10.7753
14.3 10.7773
14.4 10.7771
14.5 10.7748
14.6 10.7718
14.7 10.7697
14.8 10.7695
14.9 10.7712
15 10.7738
15.1 10.7757
15.2 10.776
15.3 10.7745
15.4 10.7722
15.5 10.7702
15.6 10.7697
15.7 10.7708
15.8 10.7727
15.9 10.7744
16 10.775
16.1 10.7741
16.2 10.7724
16.3 10.7707
16.4 10.77
16.5 10.7706
16.6 10.772
16.7 10.7735
16.8 10.7741
16.804 10.7741
