0 0
0.1 0.0029325
0.2 0.0623133
0.3 0.245073
0.4 0.578615
0.5 1.09768
0.6 1.80132
0.7 2.61533
0.8 3.46502
0.9 4.31576
1 5.15266
1.1 5.98995
1.2 6.8715
1.3 7.82177
1.4 8.82478
1.5 9.84786
1.6 10.8503
1.7 11.7942
1.8 12.6737
1.9 13.5154
2 14.3529
2.1 15.2153
2.2 16.1162
2.3 17.0449
2.4 17.9766
2.5 18.8909
2.6 19.7791
2.7 20.6439
2.8 21.4931
2.9 22.3275
3 23.1286
3.1 23.8606
3.2 24.4809
3.3 24.9535
3.4 25.2615
3.5 25.4146
3.6 25.4429
3.7 25.3876
3.8 25.2907
3.9 25.1893
4 25.1168
4.1 25.1068
4.2 25.145
4.3 25.1929
4.4 25.2378
4.5 25.2421
4.6 25.1805
4.7 25.0903
4.8 25.0177
4.9 24.9813
5 24.9915
5.1 25.0381
5.2 25.0795
5.3 25.0834
5.4 25.049
5.5 24.9893
5.6 24.9285
5.7 24.8971
5.8 24.9045
5.9 24.935
6 24.966
6.1 24.9765
6.2 24.9556
6.3 24.9124
6.4 24.8689
6.5 24.844
6.6 24.8454
6.7 24.8677
6.8 24.8944
6.9 24.9079
7 24.9014
7.1 24.8799
7.2 24.8559
7.3 24.8427
7.4 24.8469
7.5 24.8639
7.6 24.8822
7.7 24.8908
7.8 24.8841
7.9 24.8654
8 24.8446
8.1 24.8322
8.2 24.8331
8.3 24.8452
8.4 24.8604
8.5 24.8695
8.6 24.8675
8.7 24.8562
8.8 24.8422
8.9 24.8332
9 24.8338
9.1 24.8431
9.2 24.8553
9.3 24.864
9.4 24.8647
9.5 24.8582
9.6 24.8488
9.7 24.8425
9.8 24.8429
9.9 24.8498
10 24.8595
10.1 24.8669
10.2 24.8686
10.3 24.8646
10.4 24.858
10.5 24.8529
10.6 24.8525
10.7 24.857
10.8 24.8639
10.9 24.8694
11 24.871
11.1 24.8681
11.2 24.863
11.3 24.8587
11.4 24.8576
11.5 24.8602
11.6 24.8649
11.7 24.8689
11.8 24.8702
11.9 24.8682
12 24.8643
12.1 24.8608
12.2 24.8595
12.3 24.861
12.4 24.8643
12.5 24.8673
12.6 24.8685
12.7 24.8672
12.8 24.8644
12.9 24.8617
13 24.8605
13.1 24.8614
13.2 24.8637
13.3 24.866
13.4 24.8671
13.5 24.8664
13.6 24.8644
13.7 24.8624
13.8 24.8613
13.9 24.8619
14 24.8635
14.1 24.8653
14.2 24.8662
14.3 24.8658
14.4 24.8644
14.5 24.8629
14.6 24.862
14.7 24.8623
14.8 24.8634
14.9 24.8647
15 24.8655
15.1 24.8653
15.2 24.8644
15.3 24.8632
15.4 24.8625
15.5 24.8625
15.6 24.8633
15.7 24.8642
15.8 24.8649
15.9 24.8648
16 24.8641
16.1 24.8633
16.2 24.8627
16.3 24.8626
16.4 24.8631
16.5 24.8638
16.6 24.8643
16.7 24.8643
16.8 24.8639
16.9 24.8632
17 24.8628
17.1 24.8627
17.2 24.863
17.3 24.8635
17.4 24.8639
17.5 24.8639
17.6 24.8636
17.7 24.8632
17.8 24.8628
17.9 24.8627
18 24.8629
18.1 24.8632
18.2 24.8635
18.3 24.8636
18.4 24.8634
18.5 24.8631
18.6 24.8628
18.7 24.8627
18.8 24.8628
18.9 24.863
19 24.8633
19.1 24.8633
19.2 24.8632
19.3 24.8629
19.4 24.8627
19.5 24.8626
19.6 24.8627
19.7 24.8629
19.8 24.863
19.9 24.8631
20 24.863
20.1 24.8628
20.2 24.8627
20.3 24.8626
20.4 24.8626
20.5 24.8627
20.6 24.8629
20.7 24.8629
20.8 24.8629
20.9 24.8627
21 24.8626
21.1 24.8625
21.2 24.8625
21.3 24.8626
21.4 24.8627
21.5 24.8628
21.542 24.8628
