0 0
0.1 0.0101445
0.2 0.0581202
0.3 0.146754
0.4 0.277267
0.5 0.459205
0.6 0.677825
0.7 0.929304
0.8 1.20552
0.9 1.49316
1 1.79754
1.1 2.11285
1.2 2.43904
1.3 2.7767
1.4 3.11287
1.5 3.44488
1.6 3.76447
1.7 4.06763
1.8 4.36055
1.9 4.64281
2 4.92065
2.1 5.19485
2.2 5.46116
2.3 5.72016
2.4 5.96711
2.5 6.20395
2.6 6.43366
2.7 6.65588
2.8 6.87276
2.9 7.07797
3 7.26547
3.1 7.42929
3.2 7.56236
3.3 7.66585
3.4 7.73997
3.5 7.78829
3.6 7.81612
3.7 7.82478
3.8 7.82138
3.9 7.81302
4 7.81161
4.1 7.82567
4.2 7.8367
4.3 7.84888
4.4 7.86231
4.5 7.86075
4.6 7.85395
4.7 7.83812
4.8 7.818
4.9 7.80816
5 7.80095
5.1 7.80162
5.2 7.80396
5.3 7.79786
5.4 7.79015
5.5 7.77647
5.6 7.76477
5.7 7.76163
5.8 7.76181
5.9 7.76832
6 7.77225
6.1 7.76992
6.2 7.76466
6.3 7.75491
6.4 7.74946
6.5 7.74946
6.6 7.75313
6.7 7.76017
6.8 7.7624
6.9 7.76039
7 7.75453
7.1 7.74683
7.2 7.74431
7.3 7.74529
7.4 7.75028
7.5 7.75579
7.6 7.75622
7.7 7.75375
7.8 7.74744
7.9 7.74188
8 7.74115
8.1 7.74299
8.2 7.7484
8.3 7.75205
8.4 7.75137
8.5 7.74835
8.6 7.74233
8.7 7.73888
8.8 7.73928
8.9 7.74194
9 7.74697
9.1 7.74893
9.2 7.74758
9.3 7.74408
9.4 7.73897
9.5 7.73725
9.6 7.73839
9.7 7.74161
9.8 7.7457
9.9 7.74634
10 7.74454
10.1 7.74081
10.2 7.73697
10.3 7.73651
10.4 7.73818
10.5 7.74162
10.6 7.74451
10.7 7.74423
10.8 7.7421
10.9 7.73848
11 7.73597
11.1 7.73636
11.2 7.73842
11.3 7.74166
11.4 7.74335
11.5 7.74248
11.6 7.74011
11.7 7.73694
11.8 7.73562
11.9 7.73654
12 7.73883
12.1 7.74154
12.2 7.74223
12.3 7.74099
12.4 7.73854
12.5 7.73605
12.6 7.73565
12.7 7.73691
12.8 7.73924
12.9 7.74124
13 7.74118
13.1 7.73971
13.2 7.73735
13.3 7.73564
13.4 7.7359
13.5 7.73736
13.6 7.73952
13.7 7.74077
13.8 7.74021
13.9 7.73861
14 7.73654
14.1 7.73558
14.2 7.73625
14.3 7.73781
14.4 7.73964
14.5 7.74021
14.6 7.73934
14.647 7.73866
