0 0
0.1 0.00565567
0.2 0.068585
0.3 0.220487
0.4 0.461196
0.5 0.824137
0.6 1.29572
0.7 1.82405
0.8 2.39272
0.9 2.98575
1 3.5882
1.1 4.22769
1.2 4.91747
1.3 5.6392
1.4 6.3846
1.5 7.12391
1.6 7.82317
1.7 8.48626
1.8 9.12146
1.9 9.7399
2 10.3619
2.1 10.9857
2.2 11.5934
2.3 12.1738
2.4 12.7174
2.5 13.2229
2.6 13.7087
2.7 14.1875
2.8 14.6595
2.9 15.1181
3 15.5406
3.1 15.9014
3.2 16.1892
3.3 16.4005
3.4 16.5423
3.5 16.6284
3.6 16.6674
3.7 16.663
3.8 16.623
3.9 16.5607
4 16.5021
4.1 16.4833
4.2 16.4904
4.3 16.5098
4.4 16.5465
4.5 16.552
4.6 16.5107
4.7 16.4576
4.8 16.4048
4.9 16.3726
5 16.3868
5.1 16.4198
5.2 16.4413
5.3 16.4463
5.4 16.4186
5.5 16.3724
5.6 16.3438
5.7 16.3389
5.8 16.3579
5.9 16.3923
6 16.4124
6.1 16.4053
6.2 16.3801
6.3 16.3479
6.4 16.3281
6.5 16.3357
6.6 16.3603
6.7 16.3854
6.8 16.3983
6.9 16.3876
7 16.3613
7.1 16.3385
7.2 16.3301
7.3 16.3412
7.4 16.3651
7.5 16.3842
7.6 16.387
7.7 16.3735
7.8 16.3512
7.9 16.3346
8 16.3347
8.1 16.3495
8.2 16.3694
8.3 16.3827
8.4 16.3803
8.5 16.3649
8.6 16.3471
8.7 16.3371
8.8 16.3411
8.9 16.3561
9 16.3716
9.1 16.3779
9.2 16.3718
9.3 16.357
9.4 16.3432
9.5 16.3392
9.6 16.3465
9.7 16.3604
9.8 16.372
9.9 16.3739
10 16.3657
10.1 16.353
10.2 16.3438
10.3 16.3438
10.4 16.3527
10.5 16.3645
10.6 16.3718
10.7 16.3703
10.8 16.3614
10.9 16.3509
11 16.3456
11.1 16.3483
11.2 16.3572
11.3 16.3664
11.4 16.3701
11.5 16.3663
11.6 16.3577
11.7 16.3498
11.8 16.3475
11.9 16.352
12 16.3601
12.1 16.3666
12.2 16.3676
12.3 16.3626
12.4 16.355
12.5 16.3497
12.6 16.3498
12.7 16.355
12.8 16.3618
12.9 16.3659
13 16.3649
13.1 16.3595
13.2 16.3534
13.3 16.3503
13.4 16.3521
13.5 16.3573
13.6 16.3626
13.7 16.3646
13.8 16.3623
13.9 16.3572
14 16.3527
14.1 16.3514
14.2 16.3541
14.3 16.3588
14.4 16.3626
14.5 16.363
14.6 16.3601
14.7 16.3556
14.8 16.3526
14.9 16.3527
15 16.3558
15.1 16.3598
15.2 16.3621
15.3 16.3614
15.4 16.3583
15.5 16.3547
15.6 16.353
15.7 16.354
15.8 16.3571
15.9 16.3602
16 16.3613
16.1 16.3599
16.2 16.3569
16.3 16.3543
16.4 16.3536
16.5 16.3553
16.6 16.358
16.7 16.3602
16.8 16.3604
16.9 16.3586
17 16.3561
17.1 16.3543
17.2 16.3544
17.3 16.3563
17.4 16.3586
17.5 16.3599
17.6 16.3595
17.7 16.3576
17.8 16.3556
17.8235 16.3552
