0 0
0.1 0.00703608
0.2 0.0481066
0.3 0.126517
0.4 0.241297
0.5 0.402771
0.6 0.593553
0.7 0.806463
0.8 1.03339
0.9 1.25897
1 1.49146
1.1 1.72876
1.2 1.97185
1.3 2.2253
1.4 2.47456
1.5 2.71569
1.6 2.9414
1.7 3.14506
1.8 3.33646
1.9 3.51676
2 3.69195
2.1 3.86571
2.2 4.02942
2.3 4.1823
2.4 4.31877
2.5 4.437
2.6 4.5439
2.7 4.639
2.8 4.72562
2.9 4.80156
3 4.85813
3.1 4.89293
3.2 4.90091
3.3 4.88425
3.4 4.85097
3.5 4.80582
3.6 4.75757
3.7 4.70979
3.8 4.66435
3.9 4.62796
4 4.60688
4.1 4.60782
4.2 4.61399
4.3 4.62383
4.4 4.63934
4.5 4.64102
4.6 4.63492
4.7 4.62111
4.8 4.60093
4.9 4.59213
5 4.58894
5.1 4.59258
5.2 4.60003
5.3 4.59668
5.4 4.58855
5.5 4.57437
5.6 4.55891
5.7 4.55422
5.8 4.55455
5.9 4.56117
6 4.56807
6.1 4.56566
6.2 4.55924
6.3 4.54774
6.4 4.53791
6.5 4.53704
6.6 4.54031
6.7 4.54829
6.8 4.5538
6.9 4.55146
7 4.54549
7.1 4.53581
7.2 4.52964
7.3 4.53065
7.4 4.53518
7.5 4.54269
7.6 4.54616
7.7 4.54329
7.8 4.53723
7.9 4.52909
8 4.52546
8.1 4.52752
8.2 4.53254
8.3 4.53888
8.4 4.54054
8.5 4.53719
8.6 4.53122
8.7 4.52472
8.8 4.52302
8.9 4.52577
9 4.53087
9.1 4.53586
9.2 4.53612
9.3 4.5325
9.4 4.5269
9.5 4.52203
9.6 4.52179
9.7 4.52498
9.8 4.52982
9.9 4.53344
10 4.53267
10.1 4.52895
10.2 4.52394
10.3 4.52059
10.4 4.52139
10.5 4.52477
10.6 4.5291
10.7 4.53146
10.8 4.52997
10.9 4.52629
11 4.52202
11.1 4.51998
11.2 4.52149
11.3 4.52487
11.4 4.52851
11.5 4.52977
11.6 4.52782
11.7 4.52431
11.8 4.52086
11.9 4.5199
12 4.52184
12.1 4.52506
12.2 4.52793
12.3 4.52829
12.4 4.52608
12.5 4.52287
12.6 4.52026
12.7 4.52014
12.8 4.5223
12.9 4.52521
13 4.52732
13.1 4.52699
13.2 4.52469
13.3 4.52186
13.4 4.52004
13.5 4.52055
13.6 4.52276
13.7 4.52529
13.8 4.52668
13.9 4.52585
14 4.52359
14.1 4.52121
14.1625 4.52028
