0 0
0.1 0.00884432
0.2 0.0928636
0.3 0.283275
0.4 0.573274
0.5 0.997085
0.6 1.5388
0.7 2.14242
0.8 2.79372
0.9 3.47597
1 4.17049
1.1 4.9089
1.2 5.69521
1.3 6.51067
1.4 7.34629
1.5 8.16797
1.6 8.94921
1.7 9.69574
1.8 10.4182
1.9 11.1287
2 11.8464
2.1 12.5651
2.2 13.2677
2.3 13.9475
2.4 14.5961
2.5 15.2207
2.6 15.8395
2.7 16.4604
2.8 17.0786
2.9 17.678
3 18.2291
3.1 18.7049
3.2 19.0931
3.3 19.3888
3.4 19.5989
3.5 19.7336
3.6 19.7983
3.7 19.7997
3.8 19.7509
3.9 19.6755
4 19.6124
4.1 19.6035
4.2 19.6215
4.3 19.6492
4.4 19.6921
4.5 19.6972
4.6 19.6521
4.7 19.5994
4.8 19.5515
4.9 19.5285
5 19.5555
5.1 19.5922
5.2 19.612
5.3 19.6093
5.4 19.5713
5.5 19.5238
5.6 19.5005
5.7 19.5048
5.8 19.5317
5.9 19.5661
6 19.5762
6.1 19.5571
6.2 19.5241
6.3 19.4914
6.4 19.4817
6.5 19.5003
6.6 19.5294
6.7 19.5509
6.8 19.5518
6.9 19.5288
7 19.4988
7.1 19.4818
7.2 19.4851
7.3 19.5073
7.4 19.5331
7.5 19.5439
7.6 19.5346
7.7 19.5116
7.8 19.4889
7.9 19.4817
8 19.4937
8.1 19.5152
8.2 19.5328
8.3 19.5352
8.4 19.521
8.5 19.5009
8.6 19.4881
8.7 19.4904
8.8 19.5065
8.9 19.5256
9 19.5352
9.1 19.5302
9.2 19.5144
9.3 19.4981
9.4 19.4922
9.5 19.4997
9.6 19.5151
9.7 19.5283
9.8 19.5306
9.9 19.5209
10 19.5061
10.1 19.4956
10.2 19.4959
10.3 19.5064
10.4 19.5199
10.5 19.5274
10.6 19.5246
10.7 19.5136
10.8 19.5018
10.9 19.4969
11 19.5018
11.1 19.5128
11.2 19.5228
11.3 19.5253
11.4 19.5191
11.5 19.5086
11.6 19.5007
11.7 19.5004
11.8 19.5076
11.9 19.5173
12 19.5233
12.1 19.5218
12.2 19.5142
12.3 19.5056
12.4 19.5016
12.5 19.5045
12.6 19.5122
12.7 19.5196
12.8 19.5218
12.9 19.5178
13 19.5104
13.1 19.5044
13.2 19.5037
13.3 19.5084
13.4 19.5154
13.5 19.52
13.6 19.5194
13.7 19.5141
13.8 19.5079
13.9 19.5046
14 19.5063
14.1 19.5117
14.2 19.5171
14.3 19.5191
14.4 19.5165
14.5 19.5112
14.6 19.5067
14.7 19.5058
14.8 19.509
14.9 19.5139
15 19.5175
15.1 19.5173
15.2 19.5138
15.3 19.5092
15.4 19.5066
15.5 19.5076
15.6 19.5112
15.7 19.5152
15.8 19.5169
15.9 19.5153
16 19.5115
16.1 19.5082
16.2 19.5073
16.3 19.5094
16.4 19.5129
16.5 19.5156
16.6 19.5157
16.7 19.5133
16.8 19.51
16.9 19.508
17 19.5084
17.1 19.511
17.2 19.5138
17.3 19.5152
17.4 19.5142
17.5 19.5116
17.6 19.5092
17.7 19.5084
17.8 19.5097
17.9 19.5122
18 19.5142
18.1 19.5144
18.2 19.5128
18.3 19.5105
18.4 19.5089
18.5 19.5091
18.6 19.5108
18.7 19.5129
18.8 19.514
18.9 19.5135
19 19.5117
19.1 19.5098
19.2 19.5091
19.3 19.51
19.4 19.5117
19.5 19.5132
19.6 19.5135
19.6975 19.5125
