0 0
0.1 0.00223468
0.2 0.0511914
0.3 0.181743
0.4 0.395827
0.5 0.72243
0.6 1.14011
0.7 1.5785
0.8 2.01402
0.9 2.43235
1 2.81923
1.1 3.21592
1.2 3.65465
1.3 4.12038
1.4 4.60358
1.5 5.07712
1.6 5.49071
1.7 5.83926
1.8 6.14487
1.9 6.42079
2 6.69953
2.1 7.00236
2.2 7.30512
2.3 7.5862
2.4 7.83308
2.5 8.02642
2.6 8.17932
2.7 8.3256
2.8 8.47609
2.9 8.63633
3 8.80194
3.1 8.93804
3.2 9.01938
3.3 9.04478
3.4 9.0162
3.5 8.95521
3.6 8.89474
3.7 8.845
3.8 8.80777
3.9 8.78692
4 8.77917
4.1 8.79582
4.2 8.82539
4.3 8.85091
4.4 8.87898
4.5 8.87647
4.6 8.82978
4.7 8.77445
4.8 8.72156
4.9 8.68087
5 8.67783
5.1 8.69399
5.2 8.69919
5.3 8.6923
5.4 8.66323
5.5 8.61153
5.6 8.56977
5.7 8.55155
5.8 8.55086
5.9 8.56989
6 8.59039
6.1 8.58688
6.2 8.56517
6.3 8.53478
6.4 8.50204
6.5 8.48923
6.6 8.50158
6.7 8.52124
6.8 8.54
6.9 8.54702
7 8.53035
7.1 8.50369
7.2 8.48373
7.3 8.47472
7.4 8.48432
7.5 8.5078
7.6 8.52513
7.7 8.52883
7.8 8.51903
7.9 8.49682
8 8.47721
8.1 8.47334
8.2 8.48258
8.3 8.50021
8.4 8.51768
8.5 8.52124
8.6 8.50988
8.7 8.49272
8.8 8.47685
8.9 8.47156
9 8.48159
9.1 8.49805
9.2 8.51102
9.3 8.51515
9.4 8.50624
9.5 8.4895
9.6 8.47685
9.7 8.47369
9.8 8.48094
9.9 8.49584
10 8.50801
10.1 8.50979
10.2 8.50217
10.3 8.48862
10.4 8.47643
10.5 8.47406
10.6 8.4815
10.7 8.49332
10.8 8.50379
10.9 8.50609
11 8.49839
11.1 8.48657
11.2 8.47701
11.3 8.47438
11.4 8.48086
11.5 8.49195
11.6 8.50033
11.7 8.50199
11.8 8.49595
11.9 8.48524
12 8.47685
12.1 8.47539
12.2 8.48077
12.3 8.49014
12.4 8.49788
12.5 8.49891
12.6 8.49329
12.7 8.48453
12.8 8.47719
12.9 8.47579
13 8.48101
13.1 8.48901
13.2 8.49534
13.3 8.49649
13.4 8.49146
13.5 8.48358
13.6 8.47765
13.7 8.47655
13.8 8.4809
13.9 8.48814
14 8.49354
14.1 8.49417
14.2 8.48996
14.3 8.48316
14.4 8.47786
14.5 8.47721
14.6 8.48112
14.7 8.48719
14.8 8.49197
14.9 8.49248
15 8.48857
15.1 8.4828
15.2 8.47834
15.3 8.4777
15.3685 8.47977
