0 0
0.1 0.00979727
0.2 0.0946864
0.3 0.276798
0.4 0.549794
0.5 0.946671
0.6 1.44382
0.7 1.99598
0.8 2.59469
0.9 3.21567
1 3.84819
1.1 4.52249
1.2 5.22985
1.3 5.96157
1.4 6.70929
1.5 7.43393
1.6 8.12275
1.7 8.77899
1.8 9.40603
1.9 10.0231
2 10.643
2.1 11.2548
2.2 11.8516
2.3 12.4235
2.4 12.9618
2.5 13.481
2.6 13.9932
2.7 14.505
2.8 15.0177
2.9 15.5129
3 15.9661
3.1 16.3587
3.2 16.6773
3.3 16.9199
3.4 17.095
3.5 17.2068
3.6 17.2602
3.7 17.261
3.8 17.2173
3.9 17.1528
4 17.1036
4.1 17.1041
4.2 17.1246
4.3 17.1531
4.4 17.1923
4.5 17.1924
4.6 17.1513
4.7 17.1038
4.8 17.0571
4.9 17.0384
5 17.0632
5.1 17.0908
5.2 17.1089
5.3 17.1039
5.4 17.0647
5.5 17.0249
5.6 17.0042
5.7 17.0067
5.8 17.0342
5.9 17.063
6 17.0679
6.1 17.0512
6.2 17.0188
6.3 16.9885
6.4 16.9838
6.5 17.0001
6.6 17.0261
6.7 17.046
6.8 17.0428
6.9 17.0201
7 16.994
7.1 16.9782
7.2 16.9834
7.3 17.0058
7.4 17.0275
7.5 17.0362
7.6 17.0262
7.7 17.0031
7.8 16.9838
7.9 16.9794
8 16.9915
8.1 17.0124
8.2 17.0273
8.3 17.0264
8.4 17.0116
8.5 16.9921
8.6 16.9806
8.7 16.985
8.8 17.0009
8.9 17.0182
9 17.026
9.1 17.0192
9.2 17.0034
9.3 16.9892
9.4 16.9854
9.5 16.9944
9.6 17.0098
9.7 17.0211
9.8 17.0215
9.9 17.0108
10 16.9963
10.1 16.9875
10.2 16.9897
10.3 17.0008
10.4 17.0135
10.5 17.0192
10.6 17.0146
10.7 17.003
10.8 16.9921
10.9 16.9889
11 16.9951
11.1 17.0063
11.2 17.0151
11.3 17.0159
11.4 17.0084
11.5 16.9978
11.6 16.9912
11.7 16.9924
11.8 17.0006
11.9 17.01
12 17.0145
12.1 17.0115
12.2 17.0031
12.3 16.995
12.4 16.9923
12.5 16.9966
12.6 17.0048
12.7 17.0114
12.8 17.0122
12.9 17.007
13 16.9992
13.1 16.9941
13.2 16.9947
13.3 17.0005
13.4 17.0075
13.5 17.0111
13.6 17.0091
13.7 17.003
13.8 16.9969
13.9 16.9948
14 16.9977
14.1 17.0036
14.2 17.0086
14.3 17.0095
14.4 17.0058
14.5 17.0001
14.6 16.9962
14.7 16.9964
14.8 17.0005
14.9 17.0057
15 17.0085
15.1 17.0072
15.2 17.0028
15.3 16.9983
15.4 16.9965
15.5 16.9985
15.6 17.0028
15.7 17.0066
15.8 17.0074
15.9 17.0048
16 17.0006
16.1 16.9976
16.2 16.9977
16.3 17.0006
16.4 17.0044
16.5 17.0065
16.6 17.0057
16.7 17.0026
16.8 16.9992
16.9 16.9978
17 16.9991
17.1 17.0023
17.2 17.0051
17.3 17.0058
17.4 17.004
17.5 17.0009
17.6 16.9987
17.7 16.9986
17.8 17.0006
17.9 17.0034
18 17.0051
18.1 17.0046
18.2 17.0024
18.3 16.9999
18.4 16.9987
18.418 16.9987
