0 0
0.1 0.00556522
0.2 0.0361286
0.3 0.0942892
0.4 0.181732
0.5 0.308164
0.6 0.461742
0.7 0.639642
0.8 0.836309
0.9 1.04066
1 1.25924
1.1 1.4891
1.2 1.73093
1.3 1.98754
1.4 2.24732
1.5 2.50752
1.6 2.76132
1.7 3.00286
1.8 3.23811
1.9 3.46592
2 3.69016
2.1 3.91229
2.2 4.1254
2.3 4.32888
2.4 4.51739
2.5 4.68967
2.6 4.85
2.7 4.99749
2.8 5.13513
2.9 5.26037
3 5.36712
3.1 5.45298
3.2 5.51272
3.3 5.54793
3.4 5.5629
3.5 5.56099
3.6 5.54928
3.7 5.52998
3.8 5.50634
3.9 5.48397
4 5.46837
4.1 5.46653
4.2 5.46712
4.3 5.47152
4.4 5.48133
4.5 5.48101
4.6 5.4769
4.7 5.4669
4.8 5.452
4.9 5.44603
5 5.44295
5.1 5.4457
5.2 5.45181
5.3 5.44992
5.4 5.44596
5.5 5.4369
5.6 5.42671
5.7 5.42443
5.8 5.42472
5.9 5.43037
6 5.43624
6.1 5.43541
6.2 5.43238
6.3 5.42472
6.4 5.41826
6.5 5.41787
6.6 5.41988
6.7 5.42608
6.8 5.43024
6.9 5.4292
7 5.42576
7.1 5.41885
7.2 5.41473
7.3 5.41512
7.4 5.41805
7.5 5.42377
7.6 5.42626
7.7 5.42494
7.8 5.42109
7.9 5.41522
8 5.41291
8.1 5.41388
8.2 5.41742
8.3 5.42228
8.4 5.42349
8.5 5.42193
8.6 5.41789
8.7 5.41323
8.8 5.41223
8.9 5.41365
9 5.41743
9.1 5.42123
9.2 5.4215
9.3 5.41968
9.4 5.4157
9.5 5.41225
9.6 5.41215
9.7 5.41391
9.8 5.41761
9.9 5.42033
10 5.41995
10.1 5.41792
10.2 5.41423
10.3 5.41189
10.4 5.4124
10.5 5.4144
10.6 5.41778
10.7 5.41953
10.8 5.41872
10.9 5.41655
11 5.41334
11.1 5.41194
11.2 5.41284
11.3 5.41499
11.4 5.41786
11.5 5.4188
11.6 5.41772
11.7 5.41549
11.8 5.41287
11.9 5.41222
12 5.41336
12.1 5.41553
12.2 5.41781
12.3 5.41812
12.4 5.41686
12.5 5.41469
12.6 5.41269
12.7 5.41259
12.8 5.41388
12.9 5.41595
13 5.41763
13.1 5.41748
13.2 5.41612
13.3 5.41412
13.4 5.41271
13.5 5.41302
13.6 5.41437
13.7 5.41625
13.8 5.41736
13.9 5.41689
13.992 5.41565
