0 0
0.1 0.00651238
0.2 0.050868
0.3 0.133266
0.4 0.252163
0.5 0.42508
0.6 0.62346
0.7 0.840054
0.8 1.06715
0.9 1.2836
1 1.50687
1.1 1.7364
1.2 1.97179
1.3 2.22268
1.4 2.4669
1.5 2.698
1.6 2.91125
1.7 3.09549
1.8 3.26706
1.9 3.43029
2 3.58761
2.1 3.74659
2.2 3.89306
2.3 4.02186
2.4 4.13218
2.5 4.21797
2.6 4.2915
2.7 4.35718
2.8 4.41328
2.9 4.46225
3 4.49081
3.1 4.49169
3.2 4.46587
3.3 4.41086
3.4 4.33992
3.5 4.2633
3.6 4.18452
3.7 4.11351
3.8 4.04834
3.9 3.99249
4 3.959
4.1 3.94987
4.2 3.94809
4.3 3.9568
4.4 3.97118
4.5 3.96725
4.6 3.95497
4.7 3.93252
4.8 3.90705
4.9 3.89869
5 3.89921
5.1 3.90898
5.2 3.92036
5.3 3.91676
5.4 3.90518
5.5 3.88696
5.6 3.86957
5.7 3.86675
5.8 3.87239
5.9 3.88352
6 3.89301
6.1 3.88955
6.2 3.87822
6.3 3.86374
6.4 3.85201
6.5 3.85287
6.6 3.86138
6.7 3.8718
6.8 3.87911
6.9 3.87488
7 3.86383
7.1 3.85253
7.2 3.84484
7.3 3.84821
7.4 3.85773
7.5 3.86639
7.6 3.87135
7.7 3.86592
7.8 3.85539
7.9 3.84668
8 3.84191
8.1 3.84692
8.2 3.85614
8.3 3.86286
8.4 3.86558
8.5 3.8592
8.6 3.84964
8.7 3.84311
8.8 3.84072
8.9 3.84673
9 3.85505
9.1 3.85999
9.2 3.86077
9.3 3.85394
9.4 3.84566
9.5 3.84104
9.6 3.84064
9.7 3.84706
9.8 3.85422
9.9 3.85759
10 3.85676
10.1 3.84998
10.2 3.84308
10.3 3.84013
10.4 3.8413
10.5 3.84763
10.6 3.85355
10.7 3.8555
10.8 3.85345
10.9 3.84708
11 3.84154
11.1 3.84004
11.2 3.84233
11.3 3.8482
11.4 3.8529
11.5 3.85358
11.6 3.85074
11.7 3.84501
11.8 3.84075
11.9 3.84047
12 3.84344
12.1 3.84865
12.2 3.85219
12.3 3.85181
12.4 3.84854
12.5 3.84358
12.6 3.84048
12.7 3.8412
12.8 3.84447
12.9 3.84893
13 3.85139
13.1 3.85019
13.2 3.84679
13.3 3.84265
13.4 3.84061
13.5 3.84207
13.6 3.84536
13.7 3.84903
13.8 3.85052
13.9 3.84873
13.9725 3.84645
