0 0
0.1 0.0115608
0.2 0.0904916
0.3 0.240414
0.4 0.461252
0.5 0.780047
0.6 1.16567
0.7 1.60644
0.8 2.09471
0.9 2.60649
1 3.15269
1.1 3.73959
1.2 4.35611
1.3 5.008
1.4 5.67264
1.5 6.32768
1.6 6.97484
1.7 7.59788
1.8 8.20945
1.9 8.81963
2 9.41911
2.1 10.0139
2.2 10.5872
2.3 11.1285
2.4 11.643
2.5 12.1275
2.6 12.5931
2.7 13.0462
2.8 13.477
2.9 13.8791
3 14.2371
3.1 14.5363
3.2 14.7782
3.3 14.9614
3.4 15.092
3.5 15.1788
3.6 15.2191
3.7 15.2199
3.8 15.1896
3.9 15.1433
4 15.1135
4.1 15.1198
4.2 15.1294
4.3 15.1468
4.4 15.1676
4.5 15.1551
4.6 15.1274
4.7 15.0918
4.8 15.0575
4.9 15.0525
5 15.0658
5.1 15.0818
5.2 15.0963
5.3 15.0857
5.4 15.0608
5.5 15.0408
5.6 15.0259
5.7 15.0364
5.8 15.0576
5.9 15.0719
6 15.0785
6.1 15.0627
6.2 15.0403
6.3 15.0271
6.4 15.0243
6.5 15.0398
6.6 15.0593
6.7 15.0675
6.8 15.0643
6.9 15.0472
7 15.0288
7.1 15.0237
7.2 15.0297
7.3 15.0462
7.4 15.0614
7.5 15.0623
7.6 15.0533
7.7 15.0371
7.8 15.0247
7.9 15.0267
8 15.0373
8.1 15.052
8.2 15.0606
8.3 15.0557
8.4 15.0438
8.5 15.0307
8.6 15.0251
8.7 15.0319
8.8 15.0442
8.9 15.0548
9 15.0574
9.1 15.0488
9.2 15.0368
9.3 15.0286
9.4 15.0286
9.5 15.0383
9.6 15.0493
9.7 15.055
9.8 15.0525
9.9 15.0423
10 15.0326
10.1 15.0291
10.2 15.0335
10.3 15.0437
10.4 15.0518
10.5 15.053
10.6 15.0472
10.7 15.0375
10.8 15.0312
10.9 15.0321
11 15.0389
11.1 15.0478
11.2 15.0523
11.3 15.0497
11.4 15.0424
11.5 15.0347
11.6 15.0321
11.7 15.0361
11.8 15.0434
11.9 15.0497
12 15.0506
12.1 15.0457
12.2 15.0386
12.3 15.0337
12.4 15.0343
12.5 15.0399
12.6 15.0464
12.7 15.0498
12.8 15.0478
12.9 15.0419
13 15.0363
13.1 15.0343
13.1535 15.0353
