0 0
0.1 0.0151021
0.2 0.101267
0.3 0.258204
0.4 0.489035
0.5 0.815054
0.6 1.20391
0.7 1.65536
0.8 2.15256
0.9 2.67621
1 3.23984
1.1 3.8317
1.2 4.45439
1.3 5.10467
1.4 5.7584
1.5 6.41017
1.6 7.04594
1.7 7.66052
1.8 8.26562
1.9 8.85927
2 9.44666
2.1 10.0261
2.2 10.5837
2.3 11.1202
2.4 11.6312
2.5 12.1199
2.6 12.5987
2.7 13.0635
2.8 13.5149
2.9 13.9418
3 14.3263
3.1 14.6636
3.2 14.9423
3.3 15.164
3.4 15.3336
3.5 15.4483
3.6 15.5162
3.7 15.538
3.8 15.5236
3.9 15.4959
4 15.4786
4.1 15.494
4.2 15.5064
4.3 15.5207
4.4 15.5375
4.5 15.5222
4.6 15.4992
4.7 15.4661
4.8 15.4349
4.9 15.4307
5 15.4347
5.1 15.4483
5.2 15.4573
5.3 15.4453
5.4 15.4286
5.5 15.4085
5.6 15.3978
5.7 15.4075
5.8 15.4208
5.9 15.435
6 15.4385
6.1 15.424
6.2 15.4091
6.3 15.3958
6.4 15.3948
6.5 15.4091
6.6 15.421
6.7 15.43
6.8 15.4259
6.9 15.4102
7 15.3992
7.1 15.3921
7.2 15.3987
7.3 15.4131
7.4 15.4217
7.5 15.4253
7.6 15.4157
7.7 15.4022
7.8 15.3952
7.9 15.3942
8 15.405
8.1 15.4166
8.2 15.4213
8.3 15.4193
8.4 15.4075
8.5 15.3976
8.6 15.3947
8.7 15.3988
8.8 15.4103
8.9 15.4179
9 15.4185
9.1 15.4125
9.2 15.4015
9.3 15.3958
9.4 15.3971
9.5 15.4041
9.6 15.414
9.7 15.4176
9.8 15.4147
9.9 15.407
10 15.3985
10.1 15.3968
10.2 15.401
10.3 15.4088
10.4 15.4156
10.5 15.4154
10.6 15.4102
10.7 15.4026
10.8 15.3975
10.9 15.3992
11 15.4049
11.1 15.4119
11.2 15.4152
11.3 15.4122
11.4 15.4062
11.5 15.4002
11.6 15.3985
11.7 15.4026
11.8 15.4084
11.9 15.4133
12 15.4135
12.1 15.4088
12.2 15.4033
12.3 15.3996
12.4 15.4007
12.5 15.4057
12.6 15.4107
12.7 15.4131
12.8 15.4108
12.9 15.4058
13 15.4015
13.1 15.4003
13.2 15.4034
13.3 15.4083
13.4 15.4116
13.5 15.4117
13.6 15.408
13.7 15.4035
13.7915 15.4012
