0 0
0.1 0.0030579
0.2 0.0514839
0.3 0.180142
0.4 0.395957
0.5 0.730792
0.6 1.17394
0.7 1.67276
0.8 2.20812
0.9 2.76657
1 3.33743
1.1 3.9505
1.2 4.62756
1.3 5.35724
1.4 6.12795
1.5 6.91388
1.6 7.67735
1.7 8.41212
1.8 9.13023
1.9 9.84035
2 10.5605
2.1 11.2958
2.2 12.0234
2.3 12.7232
2.4 13.3798
2.5 13.9803
2.6 14.5334
2.7 15.0546
2.8 15.546
2.9 16.0042
3 16.415
3.1 16.7535
3.2 17.0058
3.3 17.1723
3.4 17.2621
3.5 17.2952
3.6 17.2915
3.7 17.2612
3.8 17.2114
3.9 17.1518
4 17.0979
4.1 17.0771
4.2 17.084
4.3 17.1056
4.4 17.1435
4.5 17.1569
4.6 17.1274
4.7 17.0843
4.8 17.0405
4.9 17.0131
5 17.0267
5.1 17.0631
5.2 17.0938
5.3 17.1101
5.4 17.0995
5.5 17.0661
5.6 17.04
5.7 17.0348
5.8 17.0493
5.9 17.081
6 17.1084
6.1 17.1118
6.2 17.0957
6.3 17.0688
6.4 17.0441
6.5 17.0401
6.6 17.0563
6.7 17.0785
6.8 17.0962
6.9 17.0973
7 17.0798
7.1 17.0573
7.2 17.0428
7.3 17.0428
7.4 17.0583
7.5 17.079
7.6 17.0906
7.7 17.0881
7.8 17.0735
7.9 17.0551
8 17.0452
8.1 17.0495
8.2 17.0637
8.3 17.0797
8.4 17.0881
8.5 17.0834
8.6 17.0698
8.7 17.0561
8.8 17.0497
8.9 17.0547
9 17.0675
9.1 17.0795
9.2 17.0838
9.3 17.0785
9.4 17.0666
9.5 17.0561
9.6 17.0531
9.7 17.0588
9.8 17.0695
9.9 17.0787
10 17.0806
10.1 17.0746
10.2 17.0649
10.3 17.0572
10.4 17.0561
10.5 17.0621
10.6 17.071
10.7 17.0774
10.8 17.0777
10.9 17.0718
11 17.0637
11.1 17.0585
11.2 17.0588
11.3 17.0644
11.4 17.0717
11.5 17.076
11.6 17.0751
11.7 17.0697
11.8 17.0633
11.9 17.0598
12 17.0611
12.1 17.0663
12.2 17.0719
12.3 17.0747
12.4 17.073
12.5 17.0682
12.6 17.0632
12.7 17.0611
12.8 17.063
12.9 17.0675
13 17.0718
13.1 17.0734
13.2 17.0714
13.3 17.0672
13.4 17.0634
13.5 17.0624
13.5795 17.0638
