0 0
0.1 0.00747703
0.2 0.087463
0.3 0.269177
0.4 0.531438
0.5 0.905207
0.6 1.37527
0.7 1.86169
0.8 2.34958
0.9 2.84672
1 3.32523
1.1 3.82253
1.2 4.37199
1.3 4.93446
1.4 5.49214
1.5 6.032
1.6 6.50996
1.7 6.92678
1.8 7.32564
1.9 7.71106
2 8.0938
2.1 8.49205
2.2 8.87014
2.3 9.20386
2.4 9.504
2.5 9.77048
2.6 10.0155
2.7 10.2744
2.8 10.5453
2.9 10.8025
3 11.0369
3.1 11.2211
3.2 11.335
3.3 11.3978
3.4 11.4253
3.5 11.4235
3.6 11.4094
3.7 11.3842
3.8 11.3355
3.9 11.2803
4 11.2475
4.1 11.2605
4.2 11.2962
4.3 11.3375
4.4 11.3892
4.5 11.3979
4.6 11.3444
4.7 11.2815
4.8 11.2303
4.9 11.1997
5 11.2258
5.1 11.2754
5.2 11.2964
5.3 11.292
5.4 11.2562
5.5 11.1943
5.6 11.1565
5.7 11.1632
5.8 11.1894
5.9 11.2278
6 11.2548
6.1 11.2354
6.2 11.1917
6.3 11.1531
6.4 11.1286
6.5 11.1374
6.6 11.1772
6.7 11.2089
6.8 11.2149
6.9 11.1989
7 11.1591
7.1 11.1225
7.2 11.1179
7.3 11.1375
7.4 11.1678
7.5 11.1958
7.6 11.197
7.7 11.1691
7.8 11.1373
7.9 11.1155
8 11.114
8.1 11.1393
8.2 11.1703
8.3 11.1843
8.4 11.1783
8.5 11.1544
8.6 11.124
8.7 11.1113
8.8 11.1223
8.9 11.1451
9 11.1697
9.1 11.1799
9.2 11.166
9.3 11.1408
9.4 11.1206
9.5 11.1139
9.6 11.1269
9.7 11.1518
9.8 11.1689
9.9 11.1697
10 11.1554
10.1 11.1322
10.2 11.116
10.3 11.1182
10.4 11.134
10.5 11.1536
10.6 11.1665
10.7 11.1625
10.8 11.1447
10.9 11.1265
11 11.1173
11.1 11.1223
11.2 11.1396
11.3 11.1565
11.4 11.1619
11.5 11.1545
11.6 11.1381
11.7 11.1225
11.8 11.1189
11.9 11.1282
12 11.1434
12.1 11.1561
12.2 11.1579
12.3 11.1471
12.4 11.1319
12.5 11.1217
12.6 11.1217
12.7 11.1324
12.8 11.1467
12.9 11.1547
13 11.1522
13.1 11.1413
13.2 11.1281
13.3 11.1215
13.4 11.1255
13.5 11.1365
13.6 11.1477
13.6955 11.1525
