0 0
0.1 0.00185444
0.2 0.041239
0.3 0.148561
0.4 0.3329
0.5 0.621603
0.6 0.99521
0.7 1.40428
0.8 1.82466
0.9 2.22892
1 2.61122
1.1 3.00221
1.2 3.41704
1.3 3.85872
1.4 4.32159
1.5 4.7712
1.6 5.17782
1.7 5.53358
1.8 5.8399
1.9 6.11857
2 6.39623
2.1 6.67968
2.2 6.96431
2.3 7.23468
2.4 7.46934
2.5 7.6625
2.6 7.82292
2.7 7.96537
2.8 8.10764
2.9 8.25529
3 8.39699
3.1 8.51475
3.2 8.58973
3.3 8.61226
3.4 8.58933
3.5 8.53746
3.6 8.47527
3.7 8.41756
3.8 8.36965
3.9 8.33245
4 8.31136
4.1 8.31953
4.2 8.34412
4.3 8.3732
4.4 8.40624
4.5 8.40723
4.6 8.36989
4.7 8.3176
4.8 8.25843
4.9 8.21684
5 8.20906
5.1 8.21621
5.2 8.22444
5.3 8.22014
5.4 8.18853
5.5 8.14267
5.6 8.10151
5.7 8.07522
5.8 8.07409
5.9 8.09043
6 8.10442
6.1 8.10546
6.2 8.08784
6.3 8.05627
6.4 8.02838
6.5 8.01579
6.6 8.02113
6.7 8.03991
6.8 8.0574
6.9 8.06128
7 8.04979
7.1 8.02805
7.2 8.00799
7.3 8.00117
7.4 8.0093
7.5 8.02644
7.6 8.04223
7.7 8.04643
7.8 8.03694
7.9 8.01986
8 8.00459
8.1 7.99984
8.2 8.00771
8.3 8.02238
8.4 8.03497
8.5 8.03806
8.6 8.0298
8.7 8.01549
8.8 8.00349
8.9 8.0003
9 8.00735
9.1 8.01986
9.2 8.03007
9.3 8.03214
9.4 8.02508
9.5 8.01322
9.6 8.00363
9.7 8.00159
9.8 8.00777
9.9 8.01812
10 8.02628
10.1 8.02745
10.2 8.0212
10.3 8.01134
10.4 8.0036
10.5 8.00228
10.6 8.00767
10.7 8.0162
10.8 8.02266
10.9 8.02326
11 8.0178
11.1 8.00964
11.2 8.00351
11.3 8.00276
11.4 8.00748
11.5 8.01456
11.6 8.01968
11.7 8.01989
11.8 8.01518
11.9 8.00844
12 8.00359
12.1 8.00327
12.2 8.00737
12.3 8.01324
12.4 8.0173
12.5 8.01721
12.6 8.01317
12.7 8.00761
12.8 8.00379
12.9 8.00377
13 8.00731
13.1 8.01215
13.2 8.01535
13.3 8.01508
13.4 8.01161
13.5 8.00705
13.6 8.00404
13.7 8.00422
13.8 8.00727
13.9 8.01126
14 8.01377
14.1 8.01338
14.2 8.01041
14.3 8.00667
14.4 8.00431
14.5 8.00462
14.6 8.00724
14.7 8.01052
14.704 8.01062
