0 0
0.1 0.000471321
0.2 0.036765
0.3 0.160192
0.4 0.413439
0.5 0.843929
0.6 1.44571
0.7 2.16643
0.8 2.95851
0.9 3.77116
1 4.57517
1.1 5.38748
1.2 6.23075
1.3 7.12189
1.4 8.07184
1.5 9.05867
1.6 10.0442
1.7 11.0002
1.8 11.905
1.9 12.7584
2 13.5848
2.1 14.4075
2.2 15.2433
2.3 16.0998
2.4 16.9638
2.5 17.8163
2.6 18.6441
2.7 19.4365
2.8 20.192
2.9 20.9138
3 21.5955
3.1 22.222
3.2 22.7707
3.3 23.2123
3.4 23.5251
3.5 23.7038
3.6 23.7583
3.7 23.7163
3.8 23.6172
3.9 23.5013
4 23.409
4.1 23.3795
4.2 23.4117
4.3 23.478
4.4 23.5467
4.5 23.5642
4.6 23.5168
4.7 23.4346
4.8 23.347
4.9 23.2924
5 23.2949
5.1 23.3353
5.2 23.3847
5.3 23.4158
5.4 23.4037
5.5 23.3544
5.6 23.2938
5.7 23.2442
5.8 23.2263
5.9 23.2429
6 23.2738
6.1 23.2974
6.2 23.297
6.3 23.2653
6.4 23.2162
6.5 23.1715
6.6 23.1475
6.7 23.1533
6.8 23.1824
6.9 23.2158
7 23.2374
7.1 23.2381
7.2 23.219
7.3 23.1938
7.4 23.1773
7.5 23.1774
7.6 23.1944
7.7 23.2193
7.8 23.2386
7.9 23.2442
8 23.235
8.1 23.2164
8.2 23.1995
8.3 23.1926
8.4 23.1975
8.5 23.2109
8.6 23.2248
8.7 23.2313
8.8 23.2278
8.9 23.2166
9 23.2035
9.1 23.1953
9.2 23.1956
9.3 23.203
9.4 23.213
9.5 23.2202
9.6 23.2207
9.7 23.215
9.8 23.2064
9.9 23.1994
10 23.1974
10.1 23.2011
10.2 23.2079
10.3 23.214
10.4 23.2165
10.5 23.2143
10.6 23.209
10.7 23.2035
10.8 23.2007
10.9 23.2016
11 23.2056
11.1 23.2101
11.2 23.2127
11.3 23.2123
11.4 23.2092
11.5 23.2052
11.6 23.2023
11.7 23.2019
11.8 23.2038
11.9 23.2068
12 23.2092
12.1 23.2097
12.2 23.2082
12.3 23.2056
12.4 23.2033
12.5 23.2023
12.6 23.2031
12.7 23.2049
12.8 23.2068
12.9 23.2078
13 23.2073
13.1 23.2057
13.2 23.204
13.3 23.203
13.4 23.203
13.5 23.2041
13.6 23.2055
13.7 23.2064
13.8 23.2065
13.8295 23.2063
