0 0
0.1 0.00178022
0.2 0.0472421
0.3 0.182987
0.4 0.430814
0.5 0.82799
0.6 1.36563
0.7 1.98195
0.8 2.63573
0.9 3.29649
1 3.94294
1.1 4.59978
1.2 5.29746
1.3 6.03791
1.4 6.81503
1.5 7.60275
1.6 8.35677
1.7 9.05599
1.8 9.70311
1.9 10.3107
2 10.9069
2.1 11.5145
2.2 12.1319
2.3 12.7467
2.4 13.3427
2.5 13.903
2.6 14.4274
2.7 14.9289
2.8 15.4187
2.9 15.9019
3 16.3703
3.1 16.7987
3.2 17.1579
3.3 17.4263
3.4 17.5946
3.5 17.6708
3.6 17.6762
3.7 17.6348
3.8 17.5692
3.9 17.5002
4 17.448
4.1 17.438
4.2 17.4612
4.3 17.4959
4.4 17.5343
4.5 17.5364
4.6 17.487
4.7 17.4193
4.8 17.3543
4.9 17.3114
5 17.3125
5.1 17.3393
5.2 17.3607
5.3 17.3636
5.4 17.3363
5.5 17.2843
5.6 17.2364
5.7 17.2106
5.8 17.21
5.9 17.2313
6 17.2547
6.1 17.2592
6.2 17.242
6.3 17.2096
6.4 17.1754
6.5 17.1575
6.6 17.1619
6.7 17.1806
6.8 17.2017
6.9 17.2119
7 17.2035
7.1 17.1826
7.2 17.1607
7.3 17.1482
7.4 17.151
7.5 17.1657
7.6 17.1815
7.7 17.1893
7.8 17.1847
7.9 17.1703
8 17.1547
8.1 17.1469
8.2 17.1504
8.3 17.1626
8.4 17.1766
8.5 17.1844
8.6 17.1824
8.7 17.173
8.8 17.1621
8.9 17.1564
9 17.1592
9.1 17.1687
9.2 17.1793
9.3 17.1856
9.4 17.1844
9.5 17.1772
9.6 17.1687
9.7 17.1638
9.8 17.1651
9.9 17.1716
10 17.1793
10.1 17.1838
10.2 17.1828
10.3 17.1773
10.4 17.1705
10.5 17.1663
10.6 17.167
10.7 17.1715
10.8 17.1772
10.9 17.1807
11 17.1801
11.1 17.1759
11.2 17.1708
11.3 17.1675
11.4 17.1678
11.5 17.1711
11.6 17.1754
11.7 17.1781
11.8 17.1778
11.9 17.1748
12 17.1709
12.1 17.1683
12.2 17.1684
12.3 17.1708
12.4 17.174
12.5 17.1762
12.6 17.1761
12.7 17.1739
12.8 17.1709
12.9 17.1689
13 17.1689
13.1 17.1706
13.2 17.173
13.3 17.1747
13.4 17.1747
13.5 17.1731
13.6 17.1709
13.7 17.1693
13.8 17.1692
13.9 17.1705
14 17.1723
14.1 17.1736
14.2 17.1736
14.3 17.1725
14.4 17.1708
14.5 17.1696
14.6 17.1694
14.7 17.1703
14.8 17.1717
14.9 17.1727
15 17.1728
15.1 17.172
15.2 17.1707
15.3 17.1698
15.4 17.1696
15.5 17.1703
15.6 17.1713
15.7 17.1721
15.8 17.1722
15.9 17.1716
16 17.1706
16.1 17.1699
16.2 17.1697
16.3 17.1702
16.4 17.171
16.5 17.1716
16.6 17.1717
16.7 17.1712
16.8 17.1705
16.9 17.17
17 17.1698
17.1 17.1702
17.2 17.1707
17.3 17.1712
17.4 17.1713
17.5 17.171
17.6 17.1705
17.7 17.17
17.8 17.1699
17.9 17.1701
18 17.1706
18.1 17.1709
18.2 17.171
18.29 17.1708
