0 0
0.1 0.0229172
0.2 0.213825
0.3 0.58341
0.4 1.07409
0.5 1.74521
0.6 2.57291
0.7 3.43771
0.8 4.38635
0.9 5.38851
1 6.40899
1.1 7.51149
1.2 8.68656
1.3 9.87009
1.4 11.0844
1.5 12.2843
1.6 13.4362
1.7 14.5947
1.8 15.7676
1.9 16.9486
2 18.1729
2.1 19.4092
2.2 20.6243
2.3 21.8461
2.4 23.0682
2.5 24.3009
2.6 25.5789
2.7 26.8765
2.8 28.1465
2.9 29.3635
3 30.4594
3.1 31.3969
3.2 32.1756
3.3 32.7809
3.4 33.2117
3.5 33.4936
3.6 33.6209
3.7 33.6194
3.8 33.5434
3.9 33.4437
4 33.3938
4.1 33.4591
4.2 33.516
4.3 33.5436
4.4 33.5984
4.5 33.5866
4.6 33.505
4.7 33.4912
4.8 33.4792
4.9 33.4919
5 33.5719
5.1 33.6086
5.2 33.5841
5.3 33.5682
5.4 33.5096
5.5 33.4658
5.6 33.4983
5.7 33.5283
5.8 33.5476
5.9 33.5682
6 33.5236
6.1 33.4603
6.2 33.4399
6.3 33.4258
6.4 33.4446
6.5 33.4914
6.6 33.4923
6.7 33.4625
6.8 33.4317
6.9 33.381
7 33.3651
7.1 33.3939
7.2 33.4159
7.3 33.431
7.4 33.4311
7.5 33.3866
7.6 33.3484
7.7 33.3381
7.8 33.3403
7.9 33.3678
8 33.3986
8.1 33.3902
8.2 33.3669
8.3 33.3381
8.4 33.3088
8.5 33.3129
8.6 33.3412
8.7 33.3599
8.8 33.3716
8.9 33.3615
9 33.3283
9.1 33.3087
9.2 33.3095
9.3 33.3225
9.4 33.3508
9.5 33.3679
9.6 33.3575
9.7 33.3385
9.8 33.3175
9.9 33.3055
10 33.3197
10.1 33.3429
10.2 33.3564
10.3 33.3595
10.4 33.3436
10.5 33.319
10.6 33.3095
10.7 33.315
10.8 33.3304
10.9 33.351
11 33.3562
11.1 33.3433
11.2 33.3265
11.3 33.312
11.4 33.3102
11.5 33.3263
11.6 33.3432
11.7 33.3508
11.8 33.3473
11.9 33.3309
12 33.3147
12.1 33.3125
12.2 33.3211
12.3 33.3361
12.4 33.3489
12.5 33.3472
12.6 33.3345
12.7 33.3213
12.8 33.3135
12.9 33.3182
13 33.3328
13.1 33.3442
13.2 33.3466
13.3 33.3394
13.4 33.3253
13.5 33.3163
13.6 33.3187
13.7 33.3284
13.8 33.3404
13.9 33.3466
14 33.3411
14.1 33.3298
14.2 33.3207
14.3 33.3184
14.4 33.326
14.5 33.3377
14.6 33.3442
14.7 33.3427
14.8 33.3342
14.9 33.3238
15 33.32
15.1 33.3249
15.2 33.3341
15.3 33.3423
15.4 33.3435
15.5 33.3366
15.6 33.3276
15.7 33.3223
15.8 33.3238
15.9 33.3318
16 33.3401
16.1 33.3428
16.2 33.339
16.3 33.331
16.4 33.3243
16.5 33.3242
16.6 33.33
16.7 33.3375
16.8 33.3421
16.9 33.3402
17 33.3334
17.1 33.327
17.2 33.3249
17.3 33.3284
17.4 33.3355
17.5 33.3406
17.6 33.3405
17.7 33.3357
17.8 33.3292
17.9 33.3258
18 33.3278
18.1 33.3334
18.2 33.3388
18.3 33.3404
18.4 33.337
18.5 33.3312
18.6 33.3273
18.7 33.3275
18.8 33.3318
18.9 33.3372
19 33.3397
19.1 33.3378
19.2 33.3331
19.3 33.3286
19.4 33.3276
19.5 33.3307
19.6 33.3354
19.7 33.3387
19.8 33.3383
19.9 33.3345
20 33.3301
20.1 33.3282
20.2 33.3298
20.3 33.3339
20.4 33.3375
20.5 33.3381
20.6 33.3355
20.7 33.3315
20.8 33.3289
20.9 33.3294
21 33.3327
21.1 33.3362
21.2 33.3377
21.3 33.3362
21.4 33.3326
21.5 33.3298
21.6 33.3294
21.7 33.3317
21.8 33.335
21.9 33.3371
22 33.3364
22.1 33.3337
22.2 33.3307
22.3 33.3296
22.329 33.3297
