0 0
0.1 0.00370936
0.2 0.0486101
0.3 0.155128
0.4 0.326315
0.5 0.590823
0.6 0.92892
0.7 1.30595
0.8 1.71316
0.9 2.12554
1 2.54138
1.1 2.98467
1.2 3.45483
1.3 3.95081
1.4 4.46533
1.5 4.96554
1.6 5.43461
1.7 5.87111
1.8 6.27363
1.9 6.66072
2 7.04691
2.1 7.42596
2.2 7.79333
2.3 8.13568
2.4 8.43784
2.5 8.70656
2.6 8.95097
2.7 9.1804
2.8 9.40751
2.9 9.62582
3 9.82084
3.1 9.98157
3.2 10.0946
3.3 10.1604
3.4 10.1909
3.5 10.1949
3.6 10.1831
3.7 10.1607
3.8 10.126
3.9 10.0845
4 10.0501
4.1 10.0416
4.2 10.049
4.3 10.067
4.4 10.0954
4.5 10.0958
4.6 10.065
4.7 10.0213
4.8 9.96929
4.9 9.93693
5 9.9364
5.1 9.9478
5.2 9.96166
5.3 9.96206
5.4 9.93562
5.5 9.89993
5.6 9.8707
5.7 9.85631
5.8 9.86699
5.9 9.88945
6 9.90382
6.1 9.90471
6.2 9.88679
6.3 9.85907
6.4 9.84196
6.5 9.84034
6.6 9.85414
6.7 9.87652
6.8 9.88886
6.9 9.88527
7 9.86963
7.1 9.84833
7.2 9.83664
7.3 9.84111
7.4 9.85578
7.5 9.87334
7.6 9.88196
7.7 9.87528
7.8 9.85975
7.9 9.84394
8 9.83682
8.1 9.84363
8.2 9.85832
8.3 9.87138
8.4 9.87572
8.5 9.86789
8.6 9.8532
8.7 9.84145
8.8 9.8386
8.9 9.84625
9 9.85957
9.1 9.86922
9.2 9.8699
9.3 9.86164
9.4 9.8491
9.5 9.84069
9.6 9.84124
9.7 9.84952
9.8 9.86073
9.9 9.86758
10 9.86581
10.1 9.85736
10.2 9.84724
10.3 9.84167
10.4 9.84417
10.5 9.85244
10.6 9.86127
10.7 9.86539
10.8 9.86211
10.9 9.85389
11 9.84598
11.1 9.84292
11.2 9.84652
11.3 9.85424
11.4 9.861
11.5 9.86283
11.6 9.85874
11.7 9.85134
11.8 9.8454
11.9 9.84438
12 9.8486
12.1 9.85536
12.2 9.8603
12.3 9.86043
12.4 9.85594
12.5 9.84966
12.6 9.84548
12.7 9.84591
12.8 9.85037
12.9 9.85599
13 9.8593
13.1 9.85827
13.2 9.85375
13.3 9.84864
13.4 9.846
13.5 9.84739
13.6 9.85174
13.7 9.85623
13.8 9.85814
13.9 9.85636
14 9.85212
14.1 9.84812
14.2 9.84676
14.3 9.84874
14.4 9.85272
14.5 9.85615
14.6 9.85695
14.7 9.85474
14.8 9.85098
14.9 9.84801
15 9.84763
15.1 9.84992
15.2 9.85338
15.3 9.85583
15.3865 9.85597
