0 0
0.1 0.0138933
0.2 0.137829
0.3 0.390241
0.4 0.732469
0.5 1.20581
0.6 1.79345
0.7 2.39861
0.8 3.03408
0.9 3.69673
1 4.34716
1.1 5.03947
1.2 5.78459
1.3 6.53192
1.4 7.27786
1.5 8.00747
1.6 8.66609
1.7 9.28989
1.8 9.9056
1.9 10.5063
2 11.1168
2.1 11.7399
2.2 12.3288
2.3 12.8887
2.4 13.4312
2.5 13.947
2.6 14.4702
2.7 15.017
2.8 15.5583
2.9 16.0777
3 16.5556
3.1 16.9468
3.2 17.2546
3.3 17.4904
3.4 17.6487
3.5 17.7439
3.6 17.7875
3.7 17.7673
3.8 17.7038
3.9 17.6353
4 17.5951
4.1 17.6302
4.2 17.6843
4.3 17.7226
4.4 17.7736
4.5 17.7773
4.6 17.7037
4.7 17.651
4.8 17.6187
4.9 17.6036
5 17.6549
5.1 17.709
5.2 17.7102
5.3 17.692
5.4 17.6476
5.5 17.581
5.6 17.5718
5.7 17.6005
5.8 17.6297
5.9 17.6649
6 17.6684
6.1 17.6168
6.2 17.5714
6.3 17.5459
6.4 17.5379
6.5 17.5742
6.6 17.6166
6.7 17.6213
6.8 17.6045
6.9 17.5694
7 17.5219
7.1 17.5128
7.2 17.5368
7.3 17.5646
7.4 17.5924
7.5 17.5968
7.6 17.5617
7.7 17.5261
7.8 17.5078
7.9 17.5063
8 17.535
8.1 17.5699
8.2 17.5777
8.3 17.5648
8.4 17.5379
8.5 17.5043
8.6 17.4969
8.7 17.5168
8.8 17.542
8.9 17.5645
9 17.5687
9.1 17.5444
9.2 17.5166
9.3 17.5028
9.4 17.5044
9.5 17.5273
9.6 17.5552
9.7 17.5637
9.8 17.5538
9.9 17.5327
10 17.5081
10.1 17.502
10.2 17.5174
10.3 17.5384
10.4 17.5557
10.5 17.5584
10.6 17.5401
10.7 17.5176
10.8 17.506
10.9 17.5079
11 17.5254
11.1 17.5469
11.2 17.5543
11.3 17.5463
11.4 17.5293
11.5 17.5107
11.6 17.5057
11.7 17.5176
11.8 17.5349
11.9 17.5484
12 17.5503
12.1 17.5366
12.2 17.5188
12.3 17.5094
12.4 17.5114
12.5 17.5251
12.6 17.5418
12.7 17.5481
12.8 17.5418
12.9 17.5281
13 17.5139
13.1 17.5099
13.2 17.5189
13.3 17.5329
13.4 17.5435
13.5 17.5447
13.6 17.5342
13.7 17.5202
13.8 17.5125
13.9 17.5144
14 17.5252
14.1 17.5381
14.2 17.5433
14.3 17.5383
14.4 17.5273
14.5 17.5163
14.6 17.5131
14.7 17.5201
14.8 17.5313
14.9 17.5397
15 17.5404
15.1 17.5323
15.2 17.5213
15.3 17.5151
15.4 17.5167
15.5 17.5252
15.6 17.5352
15.7 17.5395
15.8 17.5355
15.9 17.5267
16 17.5182
16.1 17.5157
16.2 17.5211
16.3 17.53
16.4 17.5366
16.5 17.5371
16.6 17.5308
16.7 17.5221
16.8 17.5171
16.9 17.5185
17 17.5252
17.1 17.533
17.2 17.5364
17.3 17.5333
17.4 17.5263
17.5 17.5196
17.6 17.5177
17.7 17.5219
17.8 17.5289
17.9 17.5341
18 17.5345
18.1 17.5296
18.2 17.5227
18.3 17.5188
18.4 17.5199
18.5 17.5252
18.5285 17.527
