0 0
0.1 0.000249346
0.2 0.0280135
0.3 0.118304
0.4 0.297965
0.5 0.596615
0.6 0.993894
0.7 1.44464
0.8 1.91084
0.9 2.35197
1 2.76307
1.1 3.16864
1.2 3.58865
1.3 4.04407
1.4 4.53204
1.5 5.021
1.6 5.48176
1.7 5.88794
1.8 6.23108
1.9 6.53155
2 6.81334
2.1 7.09821
2.2 7.39717
2.3 7.6971
2.4 7.97866
2.5 8.22562
2.6 8.42866
2.7 8.5978
2.8 8.75055
2.9 8.8999
3 9.05213
3.1 9.19672
3.2 9.31291
3.3 9.38336
3.4 9.39751
3.5 9.36003
3.6 9.29
3.7 9.20898
3.8 9.13763
3.9 9.09053
4 9.07484
4.1 9.09992
4.2 9.15184
4.3 9.20646
4.4 9.2457
4.5 9.23716
4.6 9.18525
4.7 9.11718
4.8 9.05375
4.9 9.02435
5 9.03366
5.1 9.05986
5.2 9.0839
5.3 9.0821
5.4 9.04639
5.5 8.99405
5.6 8.9432
5.7 8.91357
5.8 8.91488
5.9 8.93419
6 8.95459
6.1 8.95924
6.2 8.93776
6.3 8.89931
6.4 8.85939
6.5 8.83269
6.6 8.82964
6.7 8.84444
6.8 8.86312
6.9 8.87284
7 8.8637
7.1 8.83885
7.2 8.81068
7.3 8.79075
7.4 8.78808
7.5 8.80166
7.6 8.82069
7.7 8.83443
7.8 8.83467
7.9 8.82061
8 8.801
8.1 8.78567
8.2 8.78182
8.3 8.79114
8.4 8.80679
8.5 8.8196
8.6 8.82302
8.7 8.81485
8.8 8.80007
8.9 8.78705
9 8.78188
9.1 8.7869
9.2 8.79863
9.3 8.80973
9.4 8.81436
9.5 8.81017
9.6 8.7995
9.7 8.78858
9.8 8.78302
9.9 8.78516
10 8.79345
10.1 8.80277
10.2 8.80782
10.3 8.80617
10.4 8.79884
10.5 8.78999
10.6 8.78444
10.7 8.78475
10.8 8.79029
10.9 8.79772
11 8.80272
11.1 8.80267
11.2 8.79785
11.3 8.79098
11.4 8.7858
11.5 8.78494
11.6 8.78847
11.7 8.79415
11.8 8.79873
11.9 8.79971
12 8.79671
12.1 8.79154
12.2 8.78701
12.3 8.78546
12.4 8.78751
12.5 8.79173
12.6 8.79568
12.7 8.7972
12.8 8.79554
12.9 8.79174
13 8.78795
13.1 8.78612
13.2 8.78708
13.3 8.79012
13.4 8.79339
13.5 8.7951
13.6 8.79438
13.7 8.7917
13.8 8.78861
13.9 8.78675
14 8.78699
14.1 8.78906
14.2 8.7917
14.3 8.79339
14.4 8.79328
14.5 8.79149
14.6 8.78905
14.7 8.7873
14.8 8.78709
14.8035 8.78711
