0 0
0.1 0.00212787
0.2 0.0506631
0.3 0.196207
0.4 0.461594
0.5 0.885235
0.6 1.46386
0.7 2.1355
0.8 2.85573
0.9 3.59815
1 4.34108
1.1 5.10389
1.2 5.92005
1.3 6.79175
1.4 7.7068
1.5 8.64151
1.6 9.5535
1.7 10.4163
1.8 11.2345
1.9 12.0226
2 12.8031
2.1 13.5989
2.2 14.4105
2.3 15.2217
2.4 16.0166
2.5 16.7817
2.6 17.5126
2.7 18.22
2.8 18.9141
2.9 19.5923
3 20.2407
3.1 20.8316
3.2 21.3305
3.3 21.7128
3.4 21.9707
3.5 22.1113
3.6 22.157
3.7 22.1364
3.8 22.0752
3.9 21.9985
4 21.934
4.1 21.9122
4.2 21.9268
4.3 21.957
4.4 21.9958
4.5 22.0024
4.6 21.9569
4.7 21.8917
4.8 21.8306
4.9 21.7902
5 21.7924
5.1 21.8236
5.2 21.8496
5.3 21.8551
5.4 21.833
5.5 21.7857
5.6 21.7399
5.7 21.7178
5.8 21.7209
5.9 21.7431
6 21.7689
6.1 21.7765
6.2 21.7604
6.3 21.7307
6.4 21.7001
6.5 21.6837
6.6 21.6897
6.7 21.7103
6.8 21.7314
6.9 21.7422
7 21.736
7.1 21.7162
7.2 21.6957
7.3 21.6848
7.4 21.6872
7.5 21.7006
7.6 21.7157
7.7 21.7223
7.8 21.7177
7.9 21.7048
8 21.6908
8.1 21.6841
8.2 21.6883
8.3 21.7
8.4 21.7127
8.5 21.7198
8.6 21.7179
8.7 21.7094
8.8 21.7004
8.9 21.6964
9 21.6999
9.1 21.7092
9.2 21.7191
9.3 21.7244
9.4 21.7231
9.5 21.7166
9.6 21.7094
9.7 21.7059
9.8 21.7079
9.9 21.7141
10 21.7209
10.1 21.7244
10.2 21.7229
10.3 21.7177
10.4 21.712
10.5 21.7089
10.6 21.7101
10.7 21.7144
10.8 21.7192
10.9 21.7217
11 21.7206
11.1 21.7168
11.2 21.7124
11.3 21.7101
11.4 21.7109
11.5 21.714
11.6 21.7176
11.7 21.7195
11.8 21.7187
11.9 21.7158
12 21.7126
12.1 21.7109
12.2 21.7114
12.3 21.7137
12.4 21.7164
12.5 21.7178
12.6 21.7172
12.7 21.7151
12.8 21.7128
12.9 21.7114
13 21.7118
13.1 21.7135
13.2 21.7155
13.3 21.7165
13.4 21.7161
13.5 21.7146
13.6 21.7128
13.7 21.7118
13.8 21.712
13.9 21.7133
14 21.7147
14.1 21.7155
14.2 21.7152
14.3 21.7141
14.4 21.7128
14.5 21.712
14.6 21.7122
14.7 21.7131
14.8 21.7141
14.9 21.7147
15 21.7145
15.1 21.7137
15.2 21.7127
15.3 21.7121
15.4 21.7123
15.5 21.7129
15.6 21.7137
15.7 21.7142
15.8 21.714
15.9 21.7134
16 21.7127
16.1 21.7123
16.2 21.7123
16.3 21.7128
16.4 21.7134
16.5 21.7137
16.6 21.7136
16.7 21.7132
16.8 21.7127
16.9 21.7123
17 21.7124
17.1 21.7128
17.2 21.7132
17.3 21.7134
17.4 21.7134
17.5 21.713
17.6 21.7127
17.7 21.7124
17.7505 21.7124
