0 0
0.1 0.00171821
0.2 0.0485139
0.3 0.193291
0.4 0.463877
0.5 0.90208
0.6 1.50845
0.7 2.22472
0.8 3.00965
0.9 3.84137
1 4.70085
1.1 5.60896
1.2 6.60226
1.3 7.68341
1.4 8.83913
1.5 10.0462
1.6 11.2593
1.7 12.4464
1.8 13.608
1.9 14.7526
2 15.8952
2.1 17.0539
2.2 18.2237
2.3 19.3805
2.4 20.5015
2.5 21.5652
2.6 22.5585
2.7 23.4866
2.8 24.3577
2.9 25.1709
3 25.9174
3.1 26.5775
3.2 27.1239
3.3 27.5385
3.4 27.818
3.5 27.9727
3.6 28.0259
3.7 28.0074
3.8 27.9438
3.9 27.8606
4 27.7864
4.1 27.7543
4.2 27.7618
4.3 27.7895
4.4 27.8292
4.5 27.8398
4.6 27.8006
4.7 27.743
4.8 27.6906
4.9 27.6592
5 27.6711
5.1 27.7137
5.2 27.7521
5.3 27.7711
5.4 27.763
5.5 27.7279
5.6 27.6912
5.7 27.6756
5.8 27.6826
5.9 27.7081
6 27.7385
6.1 27.7523
6.2 27.7433
6.3 27.7205
6.4 27.6947
6.5 27.6799
6.6 27.6853
6.7 27.7043
6.8 27.7236
6.9 27.7336
7 27.7273
7.1 27.7078
7.2 27.6878
7.3 27.6781
7.4 27.6826
7.5 27.6995
7.6 27.7189
7.7 27.7299
7.8 27.7281
7.9 27.7164
8 27.7017
8.1 27.693
8.2 27.6951
8.3 27.7054
8.4 27.7177
8.5 27.7251
8.6 27.7235
8.7 27.7144
8.8 27.7036
8.9 27.6968
9 27.6973
9.1 27.7044
9.2 27.7132
9.3 27.7186
9.4 27.7179
9.5 27.7118
9.6 27.704
9.7 27.6991
9.8 27.6995
9.9 27.7044
10 27.7108
10.1 27.715
10.2 27.7148
10.3 27.7107
10.4 27.7053
10.5 27.7017
10.6 27.7017
10.7 27.7052
10.8 27.7098
10.9 27.7129
11 27.7129
11.1 27.7101
11.2 27.7062
11.3 27.7036
11.4 27.7035
11.5 27.7058
11.6 27.7091
11.7 27.7114
11.8 27.7116
11.9 27.7097
12 27.7069
12.1 27.705
12.2 27.7048
12.3 27.7064
12.4 27.7088
12.5 27.7105
12.6 27.7107
12.7 27.7094
12.8 27.7074
12.9 27.706
13 27.7058
13.1 27.7069
13.2 27.7086
13.3 27.7098
13.4 27.71
13.5 27.7092
13.6 27.7078
13.7 27.7067
13.7965 27.7066
