0 0
0.1 0.000170507
0.2 0.0150355
0.3 0.0580261
0.4 0.141619
0.5 0.281018
0.6 0.463137
0.7 0.674255
0.8 0.897725
0.9 1.11558
1 1.33437
1.1 1.55932
1.2 1.79919
1.3 2.062
1.4 2.33391
1.5 2.60357
1.6 2.85644
1.7 3.08082
1.8 3.28531
1.9 3.47672
2 3.66585
2.1 3.8605
2.2 4.05148
2.3 4.23166
2.4 4.39062
2.5 4.52161
2.6 4.63217
2.7 4.72776
2.8 4.81621
2.9 4.90058
3 4.97156
3.1 5.02138
3.2 5.04049
3.3 5.02545
3.4 4.98427
3.5 4.92545
3.6 4.86091
3.7 4.79822
3.8 4.73764
3.9 4.68139
4 4.63128
4.1 4.59636
4.2 4.57801
4.3 4.57347
4.4 4.57772
4.5 4.57017
4.6 4.5488
4.7 4.51506
4.8 4.47503
4.9 4.44698
5 4.43207
5.1 4.4294
5.2 4.43227
5.3 4.42449
5.4 4.40569
5.5 4.37656
5.6 4.34408
5.7 4.32249
5.8 4.31156
5.9 4.31045
6 4.31205
6.1 4.30391
6.2 4.28665
6.3 4.26146
6.4 4.23561
6.5 4.22006
6.6 4.21421
6.7 4.21671
6.8 4.22045
6.9 4.21605
7 4.20416
7.1 4.18635
7.2 4.16958
7.3 4.16178
7.4 4.16221
7.5 4.16904
7.6 4.1754
7.7 4.1745
7.8 4.16701
7.9 4.15474
8 4.14427
8.1 4.14122
8.2 4.14477
8.3 4.15297
8.4 4.15942
8.5 4.15933
8.6 4.15357
8.7 4.14406
8.8 4.13681
8.9 4.13583
9 4.14015
9.1 4.14775
9.2 4.15302
9.3 4.15256
9.4 4.14739
9.5 4.13956
9.6 4.13424
9.7 4.13429
9.8 4.13866
9.9 4.14523
10 4.14926
10.1 4.14838
10.2 4.14362
10.3 4.13716
10.4 4.13329
10.5 4.13398
10.6 4.1382
10.7 4.14374
10.8 4.1467
10.9 4.14552
11 4.14117
11.1 4.13587
11.2 4.13315
11.3 4.13423
11.4 4.13817
11.5 4.14276
11.6 4.14484
11.7 4.14345
11.8 4.13953
11.9 4.13522
12 4.13338
12.1 4.13471
12.2 4.13828
12.3 4.14204
12.4 4.14341
12.5 4.14189
12.6 4.13842
12.7 4.13495
12.8 4.13377
12.8705 4.13457
