0 0
0.1 0.00963056
0.2 0.0580855
0.3 0.145552
0.4 0.272506
0.5 0.450628
0.6 0.661127
0.7 0.902375
0.8 1.16632
0.9 1.43977
1 1.73368
1.1 2.04158
1.2 2.36601
1.3 2.70879
1.4 3.05355
1.5 3.40027
1.6 3.73921
1.7 4.06637
1.8 4.39121
1.9 4.7098
2 5.02866
2.1 5.34612
2.2 5.6523
2.3 5.94819
2.4 6.22513
2.5 6.48398
2.6 6.72917
2.7 6.95634
2.8 7.16858
2.9 7.35827
3 7.51726
3.1 7.64383
3.2 7.73145
3.3 7.78562
3.4 7.81182
3.5 7.8138
3.6 7.80088
3.7 7.77428
3.8 7.74026
3.9 7.70851
4 7.68887
4.1 7.69123
4.2 7.69528
4.3 7.70389
4.4 7.71788
4.5 7.71552
4.6 7.70935
4.7 7.69558
4.8 7.6787
4.9 7.67666
5 7.67754
5.1 7.68656
5.2 7.69617
5.3 7.6932
5.4 7.68878
5.5 7.67751
5.6 7.66918
5.7 7.67245
5.8 7.67739
5.9 7.68865
6 7.69499
6.1 7.69149
6.2 7.6863
6.3 7.67584
6.4 7.67169
6.5 7.67549
6.6 7.68085
6.7 7.68993
6.8 7.69158
6.9 7.68679
7 7.68035
7.1 7.6717
7.2 7.67101
7.3 7.67544
7.4 7.68162
7.5 7.68865
7.6 7.68779
7.7 7.68313
7.8 7.6769
7.9 7.67129
8 7.67329
8.1 7.67812
8.2 7.68432
8.3 7.68865
8.4 7.68596
8.5 7.6812
8.6 7.67536
8.7 7.67238
8.8 7.67561
8.9 7.68024
9 7.68553
9.1 7.68717
9.2 7.68347
9.3 7.67887
9.4 7.67411
9.5 7.67353
9.6 7.67739
9.7 7.68179
9.8 7.68583
9.9 7.68543
10 7.68151
10.1 7.67736
10.2 7.67411
10.3 7.67534
10.4 7.67927
10.5 7.68315
10.6 7.68563
10.7 7.68378
10.8 7.67998
10.9 7.67645
11 7.67474
11.1 7.67707
11.2 7.68069
11.3 7.68382
11.4 7.68477
11.5 7.6821
11.5995 7.67874
