0 0
0.1 0.00683419
0.2 0.0454982
0.3 0.118636
0.4 0.227976
0.5 0.385842
0.6 0.576142
0.7 0.795526
0.8 1.03657
0.9 1.28496
1 1.54953
1.1 1.82568
1.2 2.11423
1.3 2.41852
1.4 2.72278
1.5 3.02428
1.6 3.31428
1.7 3.58552
1.8 3.84683
1.9 4.09602
2 4.33833
2.1 4.57592
2.2 4.79932
2.3 5.00953
2.4 5.20078
2.5 5.37254
2.6 5.53285
2.7 5.68046
2.8 5.82003
2.9 5.94914
3 6.05901
3.1 6.14825
3.2 6.21032
3.3 6.24676
3.4 6.26407
3.5 6.26411
3.6 6.25482
3.7 6.23811
3.8 6.21559
3.9 6.19523
4 6.18332
4.1 6.18818
4.2 6.19596
4.3 6.20686
4.4 6.22301
4.5 6.22455
4.6 6.21923
4.7 6.20613
4.8 6.18684
4.9 6.17918
5 6.17579
5.1 6.17908
5.2 6.18581
5.3 6.1816
5.4 6.17421
5.5 6.16117
5.6 6.14764
5.7 6.14526
5.8 6.14655
5.9 6.15394
6 6.16088
6.1 6.1583
6.2 6.15309
6.3 6.14295
6.4 6.13519
6.5 6.13637
6.6 6.14018
6.7 6.14837
6.8 6.15319
6.9 6.15017
7 6.14485
7.1 6.13606
7.2 6.13157
7.3 6.134
7.4 6.13855
7.5 6.14575
7.6 6.14808
7.7 6.14443
7.8 6.13892
7.9 6.13166
8 6.12967
8.1 6.13284
8.2 6.1377
8.3 6.1435
8.4 6.14391
8.5 6.13998
8.6 6.13464
8.7 6.12915
8.8 6.12907
8.9 6.13265
9 6.13741
9.1 6.14164
9.2 6.14064
9.3 6.13665
9.4 6.13176
9.5 6.12802
9.6 6.12927
9.7 6.13296
9.8 6.13729
9.9 6.13996
10 6.13802
10.1 6.13415
10.2 6.12994
10.3 6.1278
10.4 6.12988
10.5 6.13346
10.6 6.13712
10.7 6.1384
10.8 6.13591
10.9 6.13232
11 6.12893
11.1 6.12813
11.2 6.13067
11.3 6.13398
11.4 6.13682
11.5 6.13696
11.6 6.13423
11.7 6.13103
11.8 6.12854
11.9 6.12879
12 6.13147
12.1 6.13437
12.2 6.13635
12.3 6.13563
12.4 6.13289
12.5 6.13016
12.6 6.12855
12.7 6.12954
12.8 6.13216
12.9 6.13457
13 6.13572
13.1 6.13442
13.2 6.13185
13.3 6.12965
13.4 6.12884
13.5 6.1303
13.6 6.13271
13.7 6.13459
13.8 6.13501
13.9 6.13337
14 6.13109
14.1 6.12944
14.2 6.12931
14.2035 6.12934
