0 0
0.1 0.00273003
0.2 0.0382881
0.3 0.122224
0.4 0.258791
0.5 0.472265
0.6 0.743027
0.7 1.04567
0.8 1.37318
0.9 1.70122
1 2.03435
1.1 2.39123
1.2 2.76857
1.3 3.17253
1.4 3.59251
1.5 3.99967
1.6 4.38611
1.7 4.74348
1.8 5.07232
1.9 5.39278
2 5.70962
2.1 6.02237
2.2 6.32833
2.3 6.60901
2.4 6.85696
2.5 7.07533
2.6 7.2672
2.7 7.44699
2.8 7.62229
2.9 7.78709
3 7.93497
3.1 8.05234
3.2 8.12888
3.3 8.16861
3.4 8.17788
3.5 8.16767
3.6 8.14968
3.7 8.12522
3.8 8.09524
3.9 8.06325
4 8.03601
4.1 8.03053
4.2 8.0379
4.3 8.05334
4.4 8.0785
4.5 8.07916
4.6 8.05503
4.7 8.02012
4.8 7.97498
4.9 7.94733
5 7.94425
5.1 7.94944
5.2 7.96072
5.3 7.95916
5.4 7.93538
5.5 7.90647
5.6 7.8783
5.7 7.86314
5.8 7.87063
5.9 7.88509
6 7.89703
6.1 7.89883
6.2 7.88207
6.3 7.85976
6.4 7.84371
6.5 7.8384
6.6 7.84964
6.7 7.86688
6.8 7.87696
6.9 7.87677
7 7.86336
7.1 7.84494
7.2 7.83474
7.3 7.83527
7.4 7.8467
7.5 7.86236
7.6 7.86984
7.7 7.86657
7.8 7.85462
7.9 7.83974
8 7.83287
8.1 7.83676
8.2 7.84768
8.3 7.86023
8.4 7.86523
8.5 7.85981
8.6 7.84871
8.7 7.83731
8.8 7.83308
8.9 7.83871
9 7.84908
9.1 7.8586
9.2 7.8614
9.3 7.85518
9.4 7.84506
9.5 7.83682
9.6 7.835
9.7 7.84128
9.8 7.85077
9.9 7.85762
10 7.8583
10.1 7.85186
10.2 7.84285
10.3 7.837
10.4 7.83709
10.5 7.84332
10.6 7.85152
10.7 7.85621
10.8 7.85519
10.9 7.84895
11 7.84134
11.1 7.83741
11.2 7.83897
11.3 7.84492
11.4 7.85167
11.5 7.85469
11.6 7.85251
11.7 7.84667
11.8 7.84058
11.9 7.8382
12 7.8407
12.1 7.84622
12.2 7.8515
12.3 7.85316
12.4 7.8503
12.5 7.84499
12.6 7.84034
12.7 7.83921
12.8 7.8422
12.9 7.84716
13 7.8511
13.1 7.85166
13.2 7.8485
13.3 7.84382
13.4 7.84045
13.5 7.84032
13.6 7.84347
13.7 7.84777
13.8 7.85056
13.8955 7.85034
