0 0
0.1 0.00625205
0.2 0.0819015
0.3 0.276746
0.4 0.586136
0.5 1.03326
0.6 1.6112
0.7 2.24703
0.8 2.8926
0.9 3.54222
1 4.18632
1.1 4.8458
1.2 5.55694
1.3 6.31187
1.4 7.08047
1.5 7.83232
1.6 8.53414
1.7 9.17214
1.8 9.76855
1.9 10.3545
2 10.9493
2.1 11.5615
2.2 12.1781
2.3 12.7729
2.4 13.332
2.5 13.8588
2.6 14.3691
2.7 14.8831
2.8 15.411
2.9 15.9388
3 16.4356
3.1 16.8662
3.2 17.2028
3.3 17.4365
3.4 17.5781
3.5 17.6471
3.6 17.662
3.7 17.6358
3.8 17.5781
3.9 17.5027
4 17.4386
4.1 17.4252
4.2 17.4463
4.3 17.4759
4.4 17.5207
4.5 17.5369
4.6 17.4896
4.7 17.4174
4.8 17.3577
4.9 17.3223
5 17.335
5.1 17.3838
5.2 17.4203
5.3 17.4231
5.4 17.3916
5.5 17.3354
5.6 17.2865
5.7 17.2748
5.8 17.298
5.9 17.3356
6 17.3648
6.1 17.3624
6.2 17.3271
6.3 17.2814
6.4 17.2501
6.5 17.2475
6.6 17.2731
6.7 17.308
6.8 17.3271
6.9 17.3185
7 17.2875
7.1 17.2512
7.2 17.2309
7.3 17.2371
7.4 17.2628
7.5 17.2902
7.6 17.3018
7.7 17.2897
7.8 17.2614
7.9 17.2346
8 17.2247
8.1 17.2367
8.2 17.2624
8.3 17.2855
8.4 17.2921
8.5 17.279
8.6 17.2552
8.7 17.2354
8.8 17.2315
8.9 17.2449
9 17.2662
9.1 17.282
9.2 17.2826
9.3 17.2679
9.4 17.2474
9.5 17.2335
9.6 17.2341
9.7 17.248
9.8 17.266
9.9 17.2768
10 17.274
10.1 17.2599
10.2 17.2435
10.3 17.2349
10.4 17.2388
10.5 17.2524
10.6 17.2669
10.7 17.2734
10.8 17.2684
10.9 17.2554
11 17.2427
11.1 17.2381
11.2 17.2439
11.3 17.2562
11.4 17.2672
11.5 17.2703
11.6 17.264
11.7 17.2525
11.8 17.2431
11.9 17.2414
12 17.2481
12.1 17.2587
12.2 17.2666
12.3 17.2671
12.4 17.2602
12.5 17.2505
12.6 17.2439
12.7 17.2444
12.8 17.2512
12.9 17.26
13 17.2653
13.1 17.264
13.2 17.2572
13.3 17.2493
13.4 17.2451
13.5 17.247
13.6 17.2535
13.7 17.2605
13.8 17.2637
13.9 17.2612
14 17.2548
14.1 17.2487
14.2 17.2464
14.3 17.2491
14.4 17.2551
14.5 17.2604
14.6 17.2618
14.7 17.2587
14.8 17.2531
14.9 17.2485
15 17.2476
15.1 17.2509
15.2 17.256
15.3 17.2598
15.4 17.26
15.5 17.2566
15.6 17.2518
15.7 17.2486
15.8 17.2488
15.9 17.2521
16 17.2564
16.1 17.2589
16.2 17.2583
16.3 17.2549
16.4 17.2511
16.5 17.249
16.6 17.2499
16.7 17.2531
16.8 17.2565
16.9 17.258
17 17.2568
17.1 17.2537
17.2 17.2507
17.3 17.2495
17.4 17.2509
17.5 17.2537
17.6 17.2563
17.7 17.257
17.8 17.2555
17.9 17.2528
18 17.2505
18.1 17.2501
18.2 17.2517
18.3 17.2541
18.4 17.256
18.5 17.2561
18.6 17.2544
18.7 17.2521
18.8 17.2506
18.9 17.2507
19 17.2523
19.1 17.2543
19.2 17.2555
19.3 17.2552
19.4 17.2536
19.5 17.2517
19.6 17.2507
19.7 17.2512
19.8 17.2527
19.9 17.2544
20 17.2551
20.068 17.2548
