0 0
0.1 0.000456576
0.2 0.0375441
0.3 0.165461
0.4 0.430129
0.5 0.881265
0.6 1.51414
0.7 2.27487
0.8 3.11232
0.9 3.97245
1 4.82261
1.1 5.67744
1.2 6.56032
1.3 7.48967
1.4 8.47835
1.5 9.50688
1.6 10.5374
1.7 11.5401
1.8 12.4916
1.9 13.3893
2 14.2562
2.1 15.1167
2.2 15.9899
2.3 16.8859
2.4 17.7948
2.5 18.6978
2.6 19.5804
2.7 20.4292
2.8 21.2392
2.9 22.0105
3 22.7357
3.1 23.3993
3.2 23.979
3.3 24.4463
3.4 24.7792
3.5 24.9713
3.6 25.032
3.7 24.9887
3.8 24.8821
3.9 24.7555
4 24.6531
4.1 24.6177
4.2 24.6511
4.3 24.7239
4.4 24.8011
4.5 24.8255
4.6 24.7797
4.7 24.6938
4.8 24.5995
4.9 24.5377
5 24.5357
5.1 24.5763
5.2 24.6294
5.3 24.6655
5.4 24.6574
5.5 24.6086
5.6 24.5446
5.7 24.4895
5.8 24.4657
5.9 24.4785
6 24.5087
6.1 24.5338
6.2 24.5354
6.3 24.5048
6.4 24.4546
6.5 24.4072
6.6 24.3802
6.7 24.3841
6.8 24.4131
6.9 24.4483
7 24.4726
7.1 24.4758
7.2 24.4579
7.3 24.4323
7.4 24.4142
7.5 24.4124
7.6 24.4283
7.7 24.4534
7.8 24.4742
7.9 24.4818
8 24.4743
8.1 24.4563
8.2 24.4386
8.3 24.43
8.4 24.4331
8.5 24.4455
8.6 24.4597
8.7 24.4675
8.8 24.4655
8.9 24.4555
9 24.4425
9.1 24.4333
9.2 24.4322
9.3 24.4382
9.4 24.4477
9.5 24.4554
9.6 24.4572
9.7 24.4528
9.8 24.445
9.9 24.4378
10 24.435
10.1 24.4375
10.2 24.4436
10.3 24.4498
10.4 24.4531
10.5 24.452
10.6 24.4476
10.7 24.4424
10.8 24.4391
10.9 24.4392
11 24.4423
11.1 24.4464
11.2 24.4494
11.3 24.4497
11.4 24.4475
11.5 24.4439
11.6 24.4409
11.7 24.4399
11.8 24.441
11.9 24.4435
12 24.4459
12.1 24.4468
12.2 24.446
12.3 24.4439
12.4 24.4416
12.5 24.4403
12.6 24.4405
12.7 24.4419
12.8 24.4436
12.9 24.4447
13 24.4446
13.1 24.4435
13.2 24.442
13.3 24.4409
13.4 24.4406
13.5 24.4413
13.6 24.4424
13.7 24.4433
13.8 24.4436
13.9 24.4431
14 24.4422
14.1 24.4413
14.1335 24.4411
