0 0
0.1 0.00290174
0.2 0.0608063
0.3 0.23707
0.4 0.560342
0.5 1.07309
0.6 1.78089
0.7 2.61806
0.8 3.52571
0.9 4.4769
1 5.45141
1.1 6.45963
1.2 7.53919
1.3 8.70085
1.4 9.92337
1.5 11.1789
1.6 12.4288
1.7 13.6372
1.8 14.8028
1.9 15.9473
2 17.0913
2.1 18.2542
2.2 19.4427
2.3 20.6393
2.4 21.8222
2.5 22.9784
2.6 24.101
2.7 25.1918
2.8 26.2555
2.9 27.2838
3 28.2503
3.1 29.1184
3.2 29.8488
3.3 30.4112
3.4 30.7963
3.5 31.0175
3.6 31.103
3.7 31.0889
3.8 31.013
3.9 30.9104
4 30.8178
4.1 30.7778
4.2 30.7869
4.3 30.8178
4.4 30.8624
4.5 30.8778
4.6 30.833
4.7 30.7601
4.8 30.6949
4.9 30.6532
5 30.6542
5.1 30.6922
5.2 30.7279
5.3 30.7359
5.4 30.7145
5.5 30.6686
5.6 30.619
5.7 30.5952
5.8 30.6027
5.9 30.6279
6 30.6557
6.1 30.6674
6.2 30.6519
6.3 30.62
6.4 30.5898
6.5 30.5739
6.6 30.5794
6.7 30.6016
6.8 30.6248
6.9 30.6361
7 30.6314
7.1 30.6147
7.2 30.5958
7.3 30.5862
7.4 30.5898
7.5 30.6019
7.6 30.6144
7.7 30.6195
7.8 30.6136
7.9 30.6003
8 30.5878
8.1 30.5824
8.2 30.5865
8.3 30.5975
8.4 30.6087
8.5 30.614
8.6 30.6117
8.7 30.6042
8.8 30.5968
8.9 30.5946
9 30.5992
9.1 30.6083
9.2 30.6172
9.3 30.6218
9.4 30.6206
9.5 30.6155
9.6 30.6104
9.7 30.6088
9.8 30.6118
9.9 30.6179
10 30.6236
10.1 30.6262
10.2 30.6245
10.3 30.6202
10.4 30.6159
10.5 30.6142
10.6 30.6159
10.7 30.6197
10.8 30.6234
10.9 30.6248
11 30.6233
11.1 30.6199
11.2 30.6167
11.3 30.6154
11.4 30.6165
11.5 30.6191
11.6 30.6217
11.7 30.6226
11.8 30.6215
11.9 30.6191
12 30.6168
12.1 30.6159
12.2 30.6167
12.3 30.6187
12.4 30.6205
12.5 30.6211
12.6 30.6203
12.7 30.6185
12.8 30.6169
12.9 30.6163
13 30.6169
13.1 30.6183
13.2 30.6195
13.3 30.6199
13.4 30.6193
13.5 30.618
13.6 30.6169
13.7 30.6164
13.8 30.6169
13.9 30.6178
14 30.6187
14.1 30.6189
14.2 30.6185
14.3 30.6175
14.4 30.6167
14.5 30.6164
14.6 30.6167
14.7 30.6174
14.8 30.618
14.9 30.6181
15 30.6178
15.1 30.6171
15.2 30.6165
15.3 30.6163
15.4 30.6165
15.5 30.617
15.6 30.6174
15.7 30.6175
15.8 30.6173
15.9 30.6168
16 30.6164
16.1 30.6163
16.2 30.6164
16.3 30.6168
16.4 30.6171
16.5 30.6172
16.6 30.617
16.7 30.6166
16.8 30.6163
16.9 30.6163
17 30.6164
17.1 30.6166
17.2 30.6168
17.3 30.6169
17.4 30.6168
17.5 30.6165
17.6 30.6163
17.7 30.6163
17.8 30.6164
17.8105 30.6164
