0 0
0.1 0.0102981
0.2 0.0824171
0.3 0.221978
0.4 0.423727
0.5 0.708288
0.6 1.04459
0.7 1.41336
0.8 1.80386
0.9 2.19151
1 2.58599
1.1 2.99516
1.2 3.41416
1.3 3.84811
1.4 4.27791
1.5 4.68306
1.6 5.06035
1.7 5.39993
1.8 5.71359
1.9 6.01634
2 6.30779
2.1 6.59389
2.2 6.86381
2.3 7.10621
2.4 7.32415
2.5 7.51726
2.6 7.69794
2.7 7.87711
2.8 8.05197
2.9 8.21937
3 8.36555
3.1 8.47769
3.2 8.55463
3.3 8.59731
3.4 8.61513
3.5 8.61823
3.6 8.60893
3.7 8.59066
3.8 8.56573
3.9 8.54163
4 8.53889
4.1 8.57215
4.2 8.60861
4.3 8.64753
4.4 8.68796
4.5 8.69425
4.6 8.67756
4.7 8.64679
4.8 8.61033
4.9 8.5975
5 8.60428
5.1 8.61851
5.2 8.63344
5.3 8.62649
5.4 8.60129
5.5 8.57337
5.6 8.54882
5.7 8.54634
5.8 8.5611
5.9 8.57683
6 8.58749
6.1 8.5781
6.2 8.55496
6.3 8.53372
6.4 8.52059
6.5 8.52654
6.6 8.54413
6.7 8.55853
6.8 8.56343
6.9 8.55164
7 8.53113
7.1 8.51585
7.2 8.51158
7.3 8.52219
7.4 8.53941
7.5 8.55011
7.6 8.54943
7.7 8.53613
7.8 8.5186
7.9 8.50894
8 8.51079
8.1 8.52334
8.2 8.53808
8.3 8.54413
8.4 8.53907
8.5 8.52533
8.6 8.51139
8.7 8.50671
8.8 8.51254
8.9 8.52517
9 8.53633
9.1 8.53799
9.2 8.53004
9.3 8.51714
9.4 8.50718
9.5 8.50673
9.6 8.51492
9.7 8.52636
9.8 8.53374
9.9 8.53186
10 8.52253
10.1 8.51153
10.2 8.50551
10.3 8.50834
10.4 8.51743
10.5 8.52679
10.6 8.53053
10.7 8.52604
10.8 8.51653
10.9 8.50799
11 8.50548
11.1 8.51051
11.2 8.51933
11.3 8.52617
11.4 8.5268
11.5 8.52074
11.6 8.51206
11.7 8.50623
11.8 8.50661
11.9 8.51282
12 8.52055
12.1 8.52479
12.2 8.52299
12.3 8.51629
12.4 8.50908
12.5 8.50585
12.6 8.50836
12.7 8.51484
12.8 8.52095
12.9 8.52277
13 8.5193
13.1 8.51276
13.2 8.50736
13.3 8.50643
13.4 8.51028
13.5 8.51632
13.6 8.5206
13.7 8.5204
13.8 8.516
13.9 8.51022
14 8.50672
14.1 8.5076
14.2 8.51208
14.3 8.5172
14.3425 8.5187
