0 0
0.1 0.00472757
0.2 0.034249
0.3 0.0918688
0.4 0.17968
0.5 0.309089
0.6 0.46678
0.7 0.649128
0.8 0.850172
0.9 1.0572
1 1.27819
1.1 1.51086
1.2 1.75611
1.3 2.01824
1.4 2.28398
1.5 2.54993
1.6 2.809
1.7 3.05377
1.8 3.29186
1.9 3.52243
2 3.7494
2.1 3.9755
2.2 4.19187
2.3 4.39747
2.4 4.5867
2.5 4.75687
2.6 4.91416
2.7 5.05784
2.8 5.19123
2.9 5.31327
3 5.41592
3.1 5.49693
3.2 5.55064
3.3 5.57726
3.4 5.58316
3.5 5.57152
3.6 5.55016
3.7 5.52274
3.8 5.49086
3.9 5.461
4 5.43844
4.1 5.43047
4.2 5.42752
4.3 5.42968
4.4 5.43862
4.5 5.43714
4.6 5.43045
4.7 5.41779
4.8 5.39976
4.9 5.39183
5 5.38868
5.1 5.39181
5.2 5.39917
5.3 5.39755
5.4 5.39243
5.5 5.38211
5.6 5.36997
5.7 5.36704
5.8 5.36795
5.9 5.3743
6 5.38159
6.1 5.38075
6.2 5.37676
6.3 5.36812
6.4 5.36004
6.5 5.35965
6.6 5.36235
6.7 5.36931
6.8 5.37481
6.9 5.37339
7 5.3692
7.1 5.36144
7.2 5.35601
7.3 5.35688
7.4 5.3604
7.5 5.36689
7.6 5.37049
7.7 5.3685
7.8 5.3641
7.9 5.35742
8 5.35412
8.1 5.35581
8.2 5.35979
8.3 5.36543
8.4 5.36743
8.5 5.36506
8.6 5.36063
8.7 5.35515
8.8 5.35351
8.9 5.35573
9 5.35983
9.1 5.36443
9.2 5.36515
9.3 5.36252
9.4 5.35824
9.5 5.35399
9.6 5.35359
9.7 5.35611
9.8 5.36008
9.9 5.36357
10 5.36333
10.1 5.36057
10.2 5.35662
10.3 5.35355
10.4 5.35405
10.5 5.35671
10.6 5.36034
10.7 5.36277
10.8 5.36185
10.9 5.35909
11 5.35561
11.1 5.3536
11.2 5.35471
11.3 5.35737
11.4 5.36052
11.5 5.362
11.6 5.36063
11.7 5.35796
11.8 5.35504
11.9 5.35393
12 5.35541
12.1 5.35795
12.2 5.36054
12.3 5.36122
12.4 5.35959
12.5 5.3571
12.6 5.35478
12.7 5.3544
12.8 5.35608
12.9 5.35841
13 5.36041
13.1 5.36047
13.2 5.35871
13.3 5.35648
13.4 5.35475
13.5 5.35493
13.6 5.35667
13.7 5.35874
13.8 5.36017
13.9 5.35976
13.9405 5.35914
