0 0
0.1 0.00802383
0.2 0.0809224
0.3 0.23733
0.4 0.466103
0.5 0.794454
0.6 1.19639
0.7 1.62563
0.8 2.0729
0.9 2.51806
1 2.9553
1.1 3.41596
1.2 3.89896
1.3 4.39543
1.4 4.89855
1.5 5.37137
1.6 5.79879
1.7 6.186
1.8 6.53771
1.9 6.87587
2 7.21496
2.1 7.54713
2.2 7.86274
2.3 8.14909
2.4 8.39538
2.5 8.61207
2.6 8.81453
2.7 9.01336
2.8 9.21604
2.9 9.41156
3 9.58042
3.1 9.70849
3.2 9.78709
3.3 9.8208
3.4 9.82442
3.5 9.80967
3.6 9.78354
3.7 9.74841
3.8 9.70358
3.9 9.65768
4 9.63282
4.1 9.65236
4.2 9.68736
4.3 9.72629
4.4 9.77391
4.5 9.78283
4.6 9.74914
4.7 9.70432
4.8 9.65619
4.9 9.63232
5 9.65034
5.1 9.67705
5.2 9.69714
5.3 9.69721
5.4 9.66194
5.5 9.61922
5.6 9.59114
5.7 9.585
5.8 9.60748
5.9 9.63816
6 9.65149
6.1 9.64226
6.2 9.61223
6.3 9.57678
6.4 9.56058
6.5 9.56821
6.6 9.59197
6.7 9.61802
6.8 9.62545
6.9 9.60994
7 9.5824
7.1 9.55713
7.2 9.55013
7.3 9.56493
7.4 9.58912
7.5 9.60767
7.6 9.60878
7.7 9.59057
7.8 9.5657
7.9 9.54932
8 9.55009
8.1 9.56754
8.2 9.58926
8.3 9.60078
8.4 9.59563
8.5 9.57673
8.6 9.556
8.7 9.54663
8.8 9.55335
8.9 9.57117
9 9.58862
9.1 9.59418
9.2 9.58472
9.3 9.56668
9.4 9.55113
9.5 9.54774
9.6 9.55806
9.7 9.57476
9.8 9.58717
9.9 9.58747
10 9.5756
10.1 9.55938
10.2 9.54888
10.3 9.55023
10.4 9.56211
10.5 9.57649
10.6 9.5841
10.7 9.58037
10.8 9.56781
10.9 9.55447
11 9.54866
11.1 9.55356
11.2 9.56564
11.3 9.577
11.4 9.5804
11.5 9.57392
11.6 9.56188
11.7 9.55186
11.8 9.55
11.9 9.55707
12 9.56822
12.1 9.57626
12.2 9.57617
12.3 9.56819
12.4 9.55754
12.5 9.55087
12.6 9.55213
12.7 9.56019
12.8 9.56968
12.9 9.57454
13 9.57182
13.1 9.56343
13.2 9.55474
13.3 9.55115
13.4 9.55465
13.5 9.56275
13.6 9.57015
13.7 9.5722
13.8 9.56774
13.895 9.5602
