0 0
0.1 0.0137201
0.2 0.0859913
0.3 0.216958
0.4 0.403328
0.5 0.65708
0.6 0.951816
0.7 1.28088
0.8 1.63206
0.9 1.98676
1 2.35645
1.1 2.73391
1.2 3.1213
1.3 3.52051
1.4 3.91205
1.5 4.29439
1.6 4.65706
1.7 4.99683
1.8 5.32692
1.9 5.64711
2 5.96731
2.1 6.28817
2.2 6.6005
2.3 6.90612
2.4 7.19792
2.5 7.47938
2.6 7.75806
2.7 8.03195
2.8 8.30434
2.9 8.56556
3 8.80357
3.1 9.01196
3.2 9.18025
3.3 9.31062
3.4 9.40628
3.5 9.46933
3.6 9.5075
3.7 9.5216
3.8 9.51893
3.9 9.5125
4 9.51847
4.1 9.55018
4.2 9.57607
4.3 9.59917
4.4 9.62208
4.5 9.61945
4.6 9.60701
4.7 9.58333
4.8 9.55547
4.9 9.54616
5 9.54264
5.1 9.54887
5.2 9.5551
5.3 9.5451
5.4 9.53104
5.5 9.50939
5.6 9.49234
5.7 9.49085
5.8 9.49404
5.9 9.5044
6 9.5085
6.1 9.49993
6.2 9.48789
6.3 9.47123
6.4 9.4634
6.5 9.46693
6.6 9.47412
6.7 9.48454
6.8 9.48551
6.9 9.4774
7 9.46648
7.1 9.45457
7.2 9.45292
7.3 9.45891
7.4 9.46745
7.5 9.47536
7.6 9.47323
7.7 9.46514
7.8 9.4552
7.9 9.44761
8 9.44971
8.1 9.45653
8.2 9.4646
8.3 9.46906
8.4 9.46462
8.5 9.45665
8.6 9.4482
8.7 9.44443
8.8 9.44868
8.9 9.4555
9 9.46206
9.1 9.46326
9.2 9.45751
9.3 9.45008
9.4 9.44367
9.5 9.44308
9.6 9.44836
9.7 9.45461
9.8 9.45914
9.9 9.45776
10 9.4516
10.1 9.44516
10.2 9.4411
10.3 9.44288
10.4 9.44843
10.5 9.45369
10.6 9.45608
10.7 9.45295
10.8 9.44703
10.9 9.44193
11 9.44013
11.1 9.44341
11.2 9.44862
11.3 9.45257
11.4 9.45296
11.5 9.44886
11.6 9.44361
11.7 9.44002
11.8 9.44015
11.9 9.44413
12 9.44861
12.1 9.45112
12.2 9.4499
12.3 9.44551
12.4 9.44122
12.5 9.43917
12.6 9.44074
12.7 9.44482
12.8 9.44833
12.9 9.44941
13 9.44709
13.1 9.44292
13.2 9.43973
13.3 9.43909
13.4 9.44156
13.5 9.44529
13.6 9.44771
13.7 9.44755
13.8 9.44464
13.9 9.44103
14 9.43898
14.1 9.4395
14.2 9.44238
14.3 9.44547
14.4 9.44682
14.5 9.44569
14.6 9.44264
14.663 9.4407
