0 0
0.1 0.00237645
0.2 0.0566019
0.3 0.224948
0.4 0.538883
0.5 1.04258
0.6 1.74105
0.7 2.56963
0.8 3.47115
0.9 4.41637
1 5.38195
1.1 6.37907
1.2 7.44531
1.3 8.59099
1.4 9.79915
1.5 11.0446
1.6 12.2869
1.7 13.4896
1.8 14.6495
1.9 15.7841
2 16.9135
2.1 18.0595
2.2 19.2306
2.3 20.4121
2.4 21.5834
2.5 22.7304
2.6 23.8433
2.7 24.9215
2.8 25.9698
2.9 26.9812
3 27.9326
3.1 28.7919
3.2 29.5211
3.3 30.089
3.4 30.4844
3.5 30.7164
3.6 30.81
3.7 30.8013
3.8 30.7289
3.9 30.6295
4 30.5411
4.1 30.5058
4.2 30.5209
4.3 30.5588
4.4 30.6083
4.5 30.6252
4.6 30.5807
4.7 30.5082
4.8 30.4421
4.9 30.3996
5 30.4017
5.1 30.4406
5.2 30.4771
5.3 30.4874
5.4 30.4676
5.5 30.4211
5.6 30.3705
5.7 30.3447
5.8 30.3492
5.9 30.3732
6 30.4018
6.1 30.4152
6.2 30.4016
6.3 30.3709
6.4 30.3398
6.5 30.3214
6.6 30.3251
6.7 30.3475
6.8 30.3726
6.9 30.3865
7 30.3835
7.1 30.3646
7.2 30.3406
7.3 30.3249
7.4 30.3235
7.5 30.3344
7.6 30.3502
7.7 30.3607
7.8 30.3597
7.9 30.349
8 30.3356
8.1 30.3269
8.2 30.3282
8.3 30.3386
8.4 30.3521
8.5 30.3617
8.6 30.3637
8.7 30.3583
8.8 30.3503
8.9 30.3455
9 30.3473
9.1 30.3549
9.2 30.3647
9.3 30.3718
9.4 30.373
9.5 30.3689
9.6 30.3628
9.7 30.3584
9.8 30.3585
9.9 30.3629
10 30.3688
10.1 30.3729
10.2 30.3732
10.3 30.3697
10.4 30.3648
10.5 30.3613
10.6 30.3609
10.7 30.3635
10.8 30.3674
10.9 30.3702
11 30.3703
11.1 30.3679
11.2 30.3645
11.3 30.3619
11.4 30.3615
11.5 30.3633
11.6 30.366
11.7 30.368
11.8 30.3682
11.9 30.3666
12 30.3642
12.1 30.3624
12.2 30.3621
12.3 30.3633
12.4 30.3651
12.5 30.3666
12.6 30.3668
12.7 30.3657
12.8 30.364
12.9 30.3627
13 30.3624
13.1 30.3632
13.2 30.3644
13.3 30.3654
13.4 30.3655
13.5 30.3648
13.6 30.3636
13.7 30.3626
13.8 30.3624
13.9 30.3628
14 30.3637
14.1 30.3644
14.2 30.3645
14.3 30.364
14.4 30.3631
14.5 30.3625
14.6 30.3623
14.7 30.3626
14.8 30.3632
14.9 30.3636
15 30.3637
15.1 30.3634
15.2 30.3628
15.3 30.3624
15.4 30.3622
15.5 30.3624
15.6 30.3628
15.7 30.3632
15.8 30.3633
15.9 30.363
16 30.3627
16.1 30.3623
16.2 30.3622
16.3 30.3624
16.4 30.3627
16.5 30.3629
16.6 30.363
16.7 30.3628
16.8 30.3626
16.9 30.3623
17 30.3623
17.016 30.3623
