0 0
0.1 0.00312625
0.2 0.0282944
0.3 0.0806028
0.4 0.162881
0.5 0.288125
0.6 0.442616
0.7 0.620336
0.8 0.815346
0.9 1.01338
1 1.22315
1.1 1.44524
1.2 1.68048
1.3 1.93521
1.4 2.19566
1.5 2.45604
1.6 2.71006
1.7 2.94859
1.8 3.18026
1.9 3.40684
2 3.6314
2.1 3.85857
2.2 4.07831
2.3 4.28706
2.4 4.48004
2.5 4.65223
2.6 4.81078
2.7 4.95683
2.8 5.09242
2.9 5.21862
3 5.32618
3.1 5.41132
3.2 5.46983
3.3 5.49987
3.4 5.50923
3.5 5.50196
3.6 5.4841
3.7 5.46067
3.8 5.43087
3.9 5.3999
4 5.37383
4.1 5.35985
4.2 5.35263
4.3 5.3519
4.4 5.35831
4.5 5.35455
4.6 5.34329
4.7 5.32546
4.8 5.30214
4.9 5.28933
5 5.28428
5.1 5.28631
5.2 5.29348
5.3 5.29171
5.4 5.28413
5.5 5.27147
5.6 5.25649
5.7 5.25132
5.8 5.25262
5.9 5.25932
6 5.26787
6.1 5.26776
6.2 5.2622
6.3 5.25245
6.4 5.24236
6.5 5.24082
6.6 5.24456
6.7 5.25205
6.8 5.25916
6.9 5.25835
7 5.25287
7.1 5.24442
7.2 5.23723
7.3 5.23759
7.4 5.24223
7.5 5.24931
7.6 5.25458
7.7 5.25286
7.8 5.2474
7.9 5.24011
8 5.23522
8.1 5.23683
8.2 5.24177
8.3 5.24806
8.4 5.25158
8.5 5.24915
8.6 5.24385
8.7 5.23774
8.8 5.2347
8.9 5.23712
9 5.24202
9.1 5.24729
9.2 5.24931
9.3 5.24639
9.4 5.24141
9.5 5.23648
9.6 5.23492
9.7 5.23785
9.8 5.24246
9.9 5.24669
10 5.2475
10.1 5.24431
10.2 5.2398
10.3 5.236
10.4 5.23561
10.5 5.23878
10.6 5.24294
10.7 5.24615
10.8 5.24601
10.9 5.24273
11 5.23877
11.1 5.236
11.2 5.23646
11.3 5.23967
11.4 5.24327
11.5 5.24553
11.6 5.24469
11.7 5.24148
11.8 5.23812
11.9 5.23626
12 5.23733
12.1 5.24042
12.2 5.24343
12.3 5.24486
12.4 5.24353
12.5 5.24051
12.6 5.23778
12.7 5.2367
12.8 5.23817
12.9 5.24103
13 5.24344
13.1 5.24417
13.2 5.24254
13.3 5.23981
13.4 5.23767
13.5 5.23723
13.6 5.23893
13.7 5.24149
13.733 5.24222
