0 0
0.1 0.00114161
0.2 0.0475416
0.3 0.203557
0.4 0.516388
0.5 1.04061
0.6 1.78433
0.7 2.68768
0.8 3.69034
0.9 4.74656
1 5.81866
1.1 6.91214
1.2 8.06124
1.3 9.28249
1.4 10.577
1.5 11.9322
1.6 13.3085
1.7 14.6655
1.8 15.9871
1.9 17.2727
2 18.5373
2.1 19.81
2.2 21.1106
2.3 22.4405
2.4 23.7916
2.5 25.1462
2.6 26.4817
2.7 27.7833
2.8 29.0404
2.9 30.2385
3 31.3582
3.1 32.3728
3.2 33.2474
3.3 33.9493
3.4 34.4586
3.5 34.7723
3.6 34.9084
3.7 34.9048
3.8 34.8097
3.9 34.6754
4 34.5556
4.1 34.5022
4.2 34.5209
4.3 34.5834
4.4 34.6605
4.5 34.6955
4.6 34.6583
4.7 34.579
4.8 34.4941
4.9 34.4335
5 34.4265
5.1 34.4657
5.2 34.5133
5.3 34.5423
5.4 34.5364
5.5 34.4916
5.6 34.4311
5.7 34.3846
5.8 34.3654
5.9 34.3758
6 34.4056
6.1 34.4318
6.2 34.4383
6.3 34.4234
6.4 34.3925
6.5 34.3578
6.6 34.334
6.7 34.3263
6.8 34.3317
6.9 34.3437
7 34.3535
7.1 34.3543
7.2 34.3471
7.3 34.3367
7.4 34.3289
7.5 34.3289
7.6 34.3377
7.7 34.3515
7.8 34.3648
7.9 34.3735
8 34.3757
8.1 34.3732
8.2 34.3702
8.3 34.3699
8.4 34.3738
8.5 34.3811
8.6 34.3887
8.7 34.3934
8.8 34.3939
8.9 34.3906
9 34.3858
9.1 34.3822
9.2 34.3815
9.3 34.3836
9.4 34.387
9.5 34.3897
9.6 34.3901
9.7 34.3881
9.8 34.3847
9.9 34.3816
10 34.3802
10.1 34.3808
10.2 34.3829
10.3 34.3851
10.4 34.3862
10.5 34.3858
10.6 34.3842
10.7 34.3824
10.8 34.3813
10.9 34.3814
11 34.3827
11.1 34.3843
11.2 34.3854
11.3 34.3855
11.4 34.3847
11.5 34.3834
11.6 34.3824
11.7 34.3821
11.8 34.3825
11.9 34.3833
12 34.384
12.1 34.3842
12.2 34.3837
12.3 34.3827
12.4 34.3818
12.5 34.3813
12.6 34.3813
12.7 34.3817
12.8 34.3821
12.9 34.3823
13 34.382
13.1 34.3815
13.2 34.3808
13.3 34.3804
13.4 34.3803
13.5 34.3804
13.6 34.3807
13.7 34.3809
13.8 34.3809
13.9 34.3806
14 34.3802
14.1 34.3799
14.2 34.3798
14.3 34.3799
14.4 34.3801
14.5 34.3803
14.6 34.3803
14.7 34.3802
14.8 34.38
14.888 34.3798
