0 0
0.1 0.0141245
0.2 0.11017
0.3 0.294583
0.4 0.566685
0.5 0.952951
0.6 1.41818
0.7 1.94456
0.8 2.51853
0.9 3.11156
1 3.73143
1.1 4.38382
1.2 5.05718
1.3 5.75713
1.4 6.45808
1.5 7.1377
1.6 7.79531
1.7 8.41601
1.8 9.01716
1.9 9.60981
2 10.1914
2.1 10.7689
2.2 11.3267
2.3 11.8585
2.4 12.3692
2.5 12.8605
2.6 13.3471
2.7 13.8354
2.8 14.3168
2.9 14.7814
3 15.2079
3.1 15.5784
3.2 15.8882
3.3 16.1318
3.4 16.314
3.5 16.4389
3.6 16.5049
3.7 16.52
3.8 16.494
3.9 16.4496
4 16.4245
4.1 16.4432
4.2 16.4666
4.3 16.4952
4.4 16.525
4.5 16.516
4.6 16.4858
4.7 16.4459
4.8 16.4072
4.9 16.3998
5 16.4143
5.1 16.4313
5.2 16.4455
5.3 16.4311
5.4 16.4004
5.5 16.3741
5.6 16.3554
5.7 16.3653
5.8 16.3868
5.9 16.4019
6 16.4062
6.1 16.3861
6.2 16.3596
6.3 16.3427
6.4 16.3399
6.5 16.357
6.6 16.3778
6.7 16.3864
6.8 16.381
6.9 16.3604
7 16.34
7.1 16.3341
7.2 16.3416
7.3 16.3607
7.4 16.3764
7.5 16.3769
7.6 16.3656
7.7 16.3466
7.8 16.334
7.9 16.3366
8 16.3494
8.1 16.3661
8.2 16.3743
8.3 16.3681
8.4 16.3538
8.5 16.3391
8.6 16.3342
8.7 16.3425
8.8 16.3564
8.9 16.3679
9 16.369
9.1 16.3586
9.2 16.3452
9.3 16.3365
9.4 16.3385
9.5 16.3499
9.6 16.3621
9.7 16.3678
9.8 16.3634
9.9 16.3517
10 16.3414
10.1 16.3385
10.2 16.3448
10.3 16.3562
10.4 16.3643
10.5 16.3644
10.6 16.3565
10.7 16.3457
10.8 16.3396
10.9 16.3416
11 16.35
11.1 16.3594
11.2 16.3631
11.3 16.3591
11.4 16.3502
11.5 16.3423
11.6 16.3406
11.7 16.3459
11.8 16.3544
11.9 16.3606
12 16.3602
12.1 16.3539
12.2 16.3459
12.3 16.3415
12.4 16.3435
12.5 16.3502
12.6 16.3571
12.7 16.3597
12.8 16.3563
12.9 16.3494
13 16.3436
13.1 16.3426
13.2 16.347
13.3 16.3535
13.4 16.3579
13.5 16.3573
13.6 16.3523
13.7 16.3463
13.8 16.3432
13.9 16.345
14 16.3502
14.1 16.3554
14.2 16.3571
14.3 16.3543
14.4 16.349
14.4115 16.3484
