0 0
0.1 0.00542591
0.2 0.0640295
0.3 0.202124
0.4 0.419453
0.5 0.748077
0.6 1.171
0.7 1.64278
0.8 2.15152
0.9 2.6776
1 3.21008
1.1 3.77671
1.2 4.38397
1.3 5.01798
1.4 5.67367
1.5 6.31843
1.6 6.92431
1.7 7.49713
1.8 8.03888
1.9 8.56328
2 9.09077
2.1 9.61457
2.2 10.1221
2.3 10.6038
2.4 11.0462
2.5 11.4521
2.6 11.8387
2.7 12.2153
2.8 12.5864
2.9 12.9478
3 13.277
3.1 13.5552
3.2 13.7731
3.3 13.9265
3.4 14.0255
3.5 14.0831
3.6 14.1047
3.7 14.0955
3.8 14.0598
3.9 14.006
4 13.9579
4.1 13.9456
4.2 13.9535
4.3 13.9729
4.4 14.0077
4.5 14.0108
4.6 13.9735
4.7 13.9253
4.8 13.8732
4.9 13.8421
5 13.8534
5.1 13.879
5.2 13.8984
5.3 13.9036
5.4 13.8761
5.5 13.8346
5.6 13.8082
5.7 13.8001
5.8 13.8176
5.9 13.8496
6 13.8666
6.1 13.8625
6.2 13.8405
6.3 13.8089
6.4 13.7909
6.5 13.7969
6.6 13.8174
6.7 13.8421
6.8 13.8551
6.9 13.8452
7 13.8224
7.1 13.8007
7.2 13.7907
7.3 13.8008
7.4 13.8226
7.5 13.8403
7.6 13.8452
7.7 13.8334
7.8 13.812
7.9 13.7962
8 13.7944
8.1 13.8066
8.2 13.8258
8.3 13.839
8.4 13.8378
8.5 13.8247
8.6 13.8074
8.7 13.7966
8.8 13.7996
8.9 13.8128
9 13.8277
9.1 13.8354
9.2 13.8306
9.3 13.8169
9.4 13.8035
9.5 13.7981
9.6 13.8038
9.7 13.8169
9.8 13.8284
9.9 13.8315
10 13.8248
10.1 13.8125
10.2 13.8028
10.3 13.8016
10.4 13.8091
10.5 13.8204
10.6 13.8285
10.7 13.8282
10.8 13.8202
10.9 13.8099
11 13.8036
11.1 13.8051
11.2 13.8132
11.3 13.8223
11.4 13.827
11.5 13.8244
11.6 13.8164
11.7 13.8082
11.8 13.8049
11.9 13.8082
12 13.8159
12.1 13.8229
12.2 13.8249
12.3 13.8209
12.4 13.8135
12.5 13.8076
12.6 13.8066
12.7 13.811
12.8 13.8178
12.9 13.8226
13 13.8226
13.1 13.8178
13.2 13.8116
13.3 13.8078
13.4 13.8085
13.5 13.8133
13.6 13.8188
13.7 13.8217
13.8 13.8202
13.9 13.8155
14 13.8105
14.1 13.8085
14.2 13.8104
14.3 13.815
14.4 13.8192
14.5 13.8205
14.6 13.8181
14.7 13.8137
14.8 13.8101
14.9 13.8095
15 13.8121
15.1 13.8161
15.2 13.819
15.3 13.8191
15.4 13.8163
15.5 13.8126
15.6 13.8102
15.7 13.8106
15.8 13.8134
15.9 13.8168
16 13.8186
16.1 13.8177
16.2 13.8149
16.3 13.8119
16.4 13.8106
16.5 13.8118
16.6 13.8145
16.7 13.817
16.8 13.8179
16.9 13.8165
17 13.8139
17.1 13.8117
17.1585 13.8112
