0 0
0.1 0.00736591
0.2 0.102843
0.3 0.357563
0.4 0.756424
0.5 1.31002
0.6 2.03017
0.7 2.82549
0.8 3.60253
0.9 4.37729
1 5.17153
1.1 5.98212
1.2 6.84827
1.3 7.79958
1.4 8.77705
1.5 9.71145
1.6 10.5946
1.7 11.4187
1.8 12.1845
1.9 12.9465
2 13.7563
2.1 14.6012
2.2 15.4523
2.3 16.2998
2.4 17.1177
2.5 17.8922
2.6 18.6569
2.7 19.4473
2.8 20.2554
2.9 21.0556
3 21.8138
3.1 22.4678
3.2 22.9674
3.3 23.3106
3.4 23.5204
3.5 23.6194
3.6 23.6411
3.7 23.6164
3.8 23.5521
3.9 23.4595
4 23.3802
4.1 23.3661
4.2 23.3916
4.3 23.4199
4.4 23.4729
4.5 23.5093
4.6 23.4597
4.7 23.3688
4.8 23.3157
4.9 23.2939
5 23.3039
5.1 23.3664
5.2 23.4307
5.3 23.4294
5.4 23.3807
5.5 23.3267
5.6 23.2718
5.7 23.2458
5.8 23.2805
5.9 23.3387
6 23.3654
6.1 23.3571
6.2 23.3219
6.3 23.2601
6.4 23.2103
6.5 23.2115
6.6 23.2477
6.7 23.2843
6.8 23.3079
6.9 23.3021
7 23.2562
7.1 23.2017
7.2 23.176
7.3 23.1824
7.4 23.2093
7.5 23.2455
7.6 23.2649
7.7 23.2466
7.8 23.207
7.9 23.1738
8 23.1601
8.1 23.1724
8.2 23.2083
8.3 23.2426
8.4 23.2497
8.5 23.2305
8.6 23.1988
8.7 23.169
8.8 23.159
8.9 23.1774
9 23.2086
9.1 23.2301
9.2 23.232
9.3 23.2135
9.4 23.1828
9.5 23.1596
9.6 23.1595
9.7 23.1792
9.8 23.2044
9.9 23.2219
10 23.2207
10.1 23.2
10.2 23.174
10.3 23.1599
10.4 23.164
10.5 23.1826
10.6 23.2057
10.7 23.2183
10.8 23.2119
10.9 23.1923
11 23.1724
11.1 23.1631
11.2 23.1697
11.3 23.1889
11.4 23.2079
11.5 23.2145
11.6 23.2062
11.7 23.1888
11.8 23.1724
11.9 23.1673
12 23.1769
12.1 23.1943
12.2 23.2085
12.3 23.2116
12.4 23.2023
12.5 23.1861
12.6 23.1735
12.7 23.1726
12.8 23.183
12.9 23.1979
13 23.2087
13.1 23.2089
13.2 23.1985
13.3 23.1845
13.4 23.1758
13.5 23.1773
13.6 23.1876
13.7 23.2006
13.8 23.2081
13.9 23.2056
14 23.1953
14.1 23.1838
14.2 23.1779
14.3 23.1811
14.4 23.1913
14.5 23.2019
14.6 23.2064
14.7 23.2024
14.8 23.1928
14.9 23.1833
15 23.1799
15.1 23.1845
15.2 23.1938
15.3 23.202
15.4 23.2043
15.5 23.1995
15.6 23.1906
15.7 23.1833
15.8 23.182
15.9 23.1872
16 23.1954
16.1 23.2017
16.2 23.2022
16.3 23.1968
16.4 23.189
16.5 23.1837
16.6 23.1839
16.7 23.1893
16.8 23.1964
16.9 23.2009
17 23.2
17.1 23.1945
17.2 23.188
17.3 23.1843
17.4 23.1856
17.5 23.191
17.6 23.1969
17.7 23.1998
17.8 23.198
17.9 23.1928
18 23.1874
18.1 23.1851
18.2 23.1873
18.3 23.1923
18.4 23.197
18.5 23.1986
18.6 23.1962
18.7 23.1914
18.8 23.1871
18.9 23.1861
19 23.1886
19.1 23.1932
19.2 23.1968
19.3 23.1974
19.4 23.1947
19.5 23.1904
19.6 23.1872
19.7 23.187
19.8 23.1898
19.9 23.1938
20 23.1964
20.1 23.1962
20.2 23.1934
20.3 23.1897
20.4 23.1874
20.5 23.1879
20.6 23.1908
20.7 23.1941
20.8 23.1959
20.9 23.1951
21 23.1923
21.1 23.1893
21.2 23.1878
21.3 23.1888
21.4 23.1915
21.5 23.1942
21.6 23.1953
21.7 23.1941
21.8 23.1915
21.9 23.1891
22 23.1883
22.1 23.1895
22.2 23.192
22.3 23.1941
22.3135 23.1943
