0 0
0.1 0.00415242
0.2 0.072005
0.3 0.27525
0.4 0.642384
0.5 1.21507
0.6 2.00795
0.7 2.95969
0.8 4.00447
0.9 5.12085
1 6.29848
1.1 7.54133
1.2 8.88399
1.3 10.3409
1.4 11.8828
1.5 13.4728
1.6 15.076
1.7 16.6594
1.8 18.2178
1.9 19.7737
2 21.3492
2.1 22.9522
2.2 24.5807
2.3 26.2172
2.4 27.8348
2.5 29.4175
2.6 30.9624
2.7 32.4672
2.8 33.9268
2.9 35.3239
3 36.6229
3.1 37.7778
3.2 38.7472
3.3 39.5051
3.4 40.0457
3.5 40.3856
3.6 40.5571
3.7 40.5972
3.8 40.5453
3.9 40.4432
4 40.338
4.1 40.2839
4.2 40.2845
4.3 40.313
4.4 40.3637
4.5 40.3941
4.6 40.3626
4.7 40.2941
4.8 40.2328
4.9 40.1955
5 40.1967
5.1 40.238
5.2 40.2819
5.3 40.2948
5.4 40.2763
5.5 40.2358
5.6 40.1912
5.7 40.1698
5.8 40.1819
5.9 40.2121
6 40.24
6.1 40.2512
6.2 40.2376
6.3 40.2066
6.4 40.1791
6.5 40.1691
6.6 40.178
6.7 40.1992
6.8 40.2189
6.9 40.2241
7 40.2137
7.1 40.1965
7.2 40.1833
7.3 40.1818
7.4 40.1928
7.5 40.2088
7.6 40.219
7.7 40.2176
7.8 40.2058
7.9 40.1899
8 40.1786
8.1 40.1777
8.2 40.186
8.3 40.1974
8.4 40.2052
8.5 40.2052
8.6 40.1982
8.7 40.1893
8.8 40.1846
8.9 40.1867
9 40.1947
9.1 40.2043
9.2 40.2105
9.3 40.211
9.4 40.2068
9.5 40.2018
9.6 40.1995
9.7 40.202
9.8 40.208
9.9 40.2144
10 40.2179
10.1 40.2173
10.2 40.2136
10.3 40.2096
10.4 40.2078
10.5 40.2092
10.6 40.2129
10.7 40.2166
10.8 40.2182
10.9 40.2169
11 40.2138
11.1 40.2108
11.2 40.2095
11.3 40.2105
11.4 40.213
11.5 40.2154
11.6 40.2161
11.7 40.215
11.8 40.2126
11.9 40.2105
12 40.2098
12.1 40.2107
12.2 40.2124
12.3 40.2139
12.4 40.2143
12.5 40.2133
12.6 40.2116
12.7 40.2102
12.8 40.2098
12.9 40.2105
13 40.2117
13.1 40.2126
13.2 40.2127
13.3 40.2119
13.4 40.2107
13.5 40.2098
13.6 40.2096
13.7 40.2101
13.8 40.211
13.9 40.2116
14 40.2116
14.1 40.2109
14.2 40.2101
14.3 40.2095
14.4 40.2094
14.5 40.2099
14.6 40.2105
14.7 40.2109
14.8 40.2108
14.9 40.2103
15 40.2097
15.1 40.2094
15.2 40.2094
15.3 40.2097
15.4 40.2102
15.5 40.2104
15.6 40.2103
15.7 40.21
15.8 40.2096
15.9 40.2093
16 40.2094
16.1 40.2097
16.2 40.21
16.3 40.2101
16.4 40.21
16.5 40.2098
16.6 40.2095
16.7 40.2094
16.8 40.2095
16.9 40.2097
16.918 40.2097
