0 0
0.1 0.0141159
0.2 0.125911
0.3 0.335723
0.4 0.621199
0.5 1.02115
0.6 1.49777
0.7 1.9927
0.8 2.52436
0.9 3.05956
1 3.5874
1.1 4.16231
1.2 4.75011
1.3 5.34627
1.4 5.95042
1.5 6.5132
1.6 7.02773
1.7 7.52062
1.8 7.97652
1.9 8.42697
2 8.88917
2.1 9.3284
2.2 9.75324
2.3 10.1527
2.4 10.5112
2.5 10.858
2.6 11.2081
2.7 11.5524
2.8 11.9086
2.9 12.2494
3 12.5454
3.1 12.7995
3.2 12.9943
3.3 13.1329
3.4 13.2377
3.5 13.3023
3.6 13.3268
3.7 13.3252
3.8 13.289
3.9 13.2466
4 13.2399
4.1 13.2848
4.2 13.3301
4.3 13.375
4.4 13.4209
4.5 13.4143
4.6 13.3669
4.7 13.3255
4.8 13.2834
4.9 13.2757
5 13.3151
5.1 13.3384
5.2 13.3525
5.3 13.3403
5.4 13.2905
5.5 13.2508
5.6 13.2407
5.7 13.2453
5.8 13.2806
5.9 13.3088
6 13.2991
6.1 13.2773
6.2 13.2384
6.3 13.2057
6.4 13.2105
6.5 13.2333
6.6 13.2563
6.7 13.2766
6.8 13.2618
6.9 13.2282
7 13.2037
7.1 13.1873
7.2 13.1985
7.3 13.2294
7.4 13.2477
7.5 13.2501
7.6 13.2355
7.7 13.2019
7.8 13.1838
7.9 13.1865
8 13.2015
8.1 13.2285
8.2 13.2427
8.3 13.2322
8.4 13.2127
8.5 13.1898
8.6 13.1769
8.7 13.19
8.8 13.2102
8.9 13.2271
9 13.2339
9.1 13.2187
9.2 13.1959
9.3 13.1829
9.4 13.1809
9.5 13.1957
9.6 13.218
9.7 13.2269
9.8 13.2234
9.9 13.2081
10 13.1877
10.1 13.1808
10.2 13.1889
10.3 13.2036
10.4 13.2203
10.5 13.2244
10.6 13.2126
10.7 13.1974
10.8 13.1841
10.9 13.1822
11 13.1952
11.1 13.2103
11.2 13.2189
11.3 13.2178
11.4 13.2038
11.5 13.189
11.6 13.1835
11.7 13.1873
11.8 13.2006
11.9 13.2139
12 13.2163
12.1 13.2093
12.2 13.1967
12.3 13.1851
12.4 13.1848
12.5 13.1937
12.6 13.2051
12.7 13.2138
12.8 13.2122
12.9 13.2015
13 13.1909
13.1 13.1849
13.2 13.1879
13.3 13.1989
13.4 13.2084
13.5 13.2113
13.6 13.2066
13.7 13.1957
13.8 13.1872
13.9 13.1866
14 13.1925
14.1 13.2024
14.2 13.2093
14.3 13.2078
14.4 13.2006
14.473 13.1941
