0 0
0.1 0.00109074
0.2 0.046463
0.3 0.191533
0.4 0.46627
0.5 0.907866
0.6 1.5029
0.7 2.17483
0.8 2.86251
0.9 3.5274
1 4.14668
1.1 4.74866
1.2 5.38211
1.3 6.06586
1.4 6.79789
1.5 7.55343
1.6 8.27916
1.7 8.93425
1.8 9.51228
1.9 10.0278
2 10.516
2.1 11.019
2.2 11.5542
2.3 12.1124
2.4 12.6715
2.5 13.2016
2.6 13.6828
2.7 14.1197
2.8 14.5293
2.9 14.9289
3 15.3269
3.1 15.7104
3.2 16.0472
3.3 16.3025
3.4 16.4518
3.5 16.4907
3.6 16.4404
3.7 16.339
3.8 16.2274
3.9 16.1412
4 16.1064
4.1 16.1409
4.2 16.2188
4.3 16.2954
4.4 16.3451
4.5 16.3264
4.6 16.2357
4.7 16.1272
4.8 16.0441
4.9 16.0107
5 16.0411
5.1 16.1046
5.2 16.1499
5.3 16.1513
5.4 16.1018
5.5 16.0159
5.6 15.9355
5.7 15.8956
5.8 15.9022
5.9 15.9438
6 15.9911
6.1 16.0088
6.2 15.9839
6.3 15.9277
6.4 15.8639
6.5 15.8217
6.6 15.8196
6.7 15.8509
6.8 15.8938
6.9 15.9232
7 15.9204
7.1 15.8853
7.2 15.8367
7.3 15.7977
7.4 15.7858
7.5 15.8049
7.6 15.8416
7.7 15.8742
7.8 15.8856
7.9 15.8705
8 15.8375
8.1 15.8052
8.2 15.7906
8.3 15.7999
8.4 15.8275
8.5 15.8579
8.6 15.8752
8.7 15.8714
8.8 15.8502
8.9 15.8236
9 15.8063
9.1 15.8071
9.2 15.8246
9.3 15.8488
9.4 15.8668
9.5 15.8695
9.6 15.8564
9.7 15.8352
9.8 15.8175
9.9 15.8121
10 15.8213
10.1 15.8392
10.2 15.8557
10.3 15.8624
10.4 15.856
10.5 15.8406
10.6 15.8246
10.7 15.8164
10.8 15.8196
10.9 15.8318
11 15.8461
11.1 15.8546
11.2 15.8533
11.3 15.8432
11.4 15.83
11.5 15.8208
11.6 15.82
11.7 15.8276
11.8 15.8389
11.9 15.8479
12 15.8498
12.1 15.844
12.2 15.834
12.3 15.8251
12.4 15.8219
12.5 15.8257
12.6 15.8341
12.7 15.8423
12.8 15.8461
12.9 15.8436
13 15.8365
13.1 15.8288
13.2 15.8243
13.3 15.8254
13.4 15.831
13.5 15.8379
13.6 15.8424
13.7 15.8422
13.8 15.8377
13.9 15.8314
14 15.8267
14.1 15.8259
14.2 15.8292
14.3 15.8346
14.4 15.8391
14.5 15.8404
14.6 15.8379
14.7 15.8332
14.8 15.8288
14.9 15.8269
15 15.8284
15.1 15.8322
15.2 15.8363
15.3 15.8384
15.4 15.8375
15.5 15.8342
15.6 15.8304
15.7 15.8281
15.8 15.8283
15.9 15.8308
16 15.8341
16.1 15.8364
16.2 15.8366
16.3 15.8346
16.4 15.8316
16.5 15.8292
16.6 15.8286
16.7 15.83
16.8 15.8325
16.9 15.8348
17 15.8356
17.1 15.8346
17.2 15.8324
17.3 15.8302
17.4 15.8291
17.5 15.8297
17.6 15.8314
17.7 15.8334
17.8 15.8346
17.9 15.8343
18 15.8328
18.1 15.8309
18.2 15.8297
18.3 15.8297
18.4 15.8308
18.5 15.8324
18.6 15.8336
18.7 15.8338
18.8 15.8329
18.9 15.8315
18.961 15.8307
