0 0
0.1 0.000582791
0.2 0.0430503
0.3 0.195739
0.4 0.515505
0.5 1.05853
0.6 1.82586
0.7 2.75034
0.8 3.75634
0.9 4.77675
1 5.76221
1.1 6.71503
1.2 7.67337
1.3 8.67288
1.4 9.7391
1.5 10.8736
1.6 12.0418
1.7 13.1975
1.8 14.3062
1.9 15.3506
2 16.342
2.1 17.3165
2.2 18.3128
2.3 19.3583
2.4 20.4627
2.5 21.612
2.6 22.7763
2.7 23.9241
2.8 25.0274
2.9 26.0654
3 27.0237
3.1 27.8872
3.2 28.6355
3.3 29.2447
3.4 29.6919
3.5 29.9636
3.6 30.0647
3.7 30.0222
3.8 29.8831
3.9 29.7081
4 29.5628
4.1 29.5099
4.2 29.5617
4.3 29.6802
4.4 29.8117
4.5 29.8803
4.6 29.8476
4.7 29.742
4.8 29.6128
4.9 29.5134
5 29.489
5.1 29.5388
5.2 29.6233
5.3 29.6966
5.4 29.7193
5.5 29.6748
5.6 29.5843
5.7 29.4879
5.8 29.4222
5.9 29.4096
6 29.4452
6.1 29.4989
6.2 29.535
6.3 29.5286
6.4 29.4754
6.5 29.3956
6.6 29.3221
6.7 29.2828
6.8 29.2884
6.9 29.3289
7 29.379
7.1 29.4121
7.2 29.413
7.3 29.3836
7.4 29.3406
7.5 29.3063
7.6 29.2968
7.7 29.3157
7.8 29.3527
7.9 29.3899
8 29.4115
8.1 29.41
8.2 29.3895
8.3 29.3621
8.4 29.3422
8.5 29.3382
8.6 29.3506
8.7 29.3719
8.8 29.3908
8.9 29.3983
9 29.3918
9.1 29.3753
9.2 29.3569
9.3 29.3452
9.4 29.3444
9.5 29.353
9.6 29.3659
9.7 29.3759
9.8 29.3782
9.9 29.3725
10 29.362
10.1 29.352
10.2 29.3473
10.3 29.3494
10.4 29.3566
10.5 29.3651
10.6 29.3707
10.7 29.3712
10.8 29.367
10.9 29.3607
11 29.3556
11.1 29.3542
11.2 29.3568
11.3 29.3618
11.4 29.3667
11.5 29.3693
11.6 29.3687
11.7 29.3654
11.8 29.3615
11.9 29.3588
12 29.3586
12.1 29.3606
12.2 29.3638
12.3 29.3664
12.4 29.3673
12.5 29.3663
12.6 29.364
12.7 29.3617
12.8 29.3604
12.9 29.3606
13 29.362
13.1 29.3639
13.2 29.3652
13.3 29.3654
13.4 29.3645
13.5 29.363
13.6 29.3616
13.7 29.3611
13.8 29.3614
13.9 29.3623
14 29.3633
14.1 29.3639
14.2 29.3638
14.3 29.3631
14.4 29.3622
14.5 29.3614
14.6 29.3612
14.7 29.3614
14.8 29.362
14.9 29.3626
15 29.3628
15.1 29.3626
15.2 29.3621
15.3 29.3616
15.4 29.3612
15.5 29.3611
15.6 29.3613
15.7 29.3617
15.8 29.362
15.9 29.362
16 29.3619
16.1 29.3616
16.2 29.3613
16.3 29.3611
16.4 29.3611
16.463 29.3612
