0 0
0.1 0.00724812
0.2 0.0710748
0.3 0.205968
0.4 0.404282
0.5 0.690938
0.6 1.03898
0.7 1.41276
0.8 1.80383
0.9 2.18944
1 2.57006
1.1 2.97019
1.2 3.38637
1.3 3.81663
1.4 4.25239
1.5 4.65982
1.6 5.03016
1.7 5.36345
1.8 5.66248
1.9 5.95103
2 6.23712
2.1 6.51608
2.2 6.78298
2.3 7.02143
2.4 7.22468
2.5 7.40152
2.6 7.56152
2.7 7.71763
2.8 7.87662
2.9 8.02805
3 8.15851
3.1 8.25475
3.2 8.30753
3.3 8.32319
3.4 8.31302
3.5 8.28766
3.6 8.25647
3.7 8.22012
3.8 8.17862
3.9 8.13961
4 8.11893
4.1 8.13652
4.2 8.16701
4.3 8.20149
4.4 8.24407
4.5 8.25224
4.6 8.22602
4.7 8.18828
4.8 8.14422
4.9 8.12242
5 8.13423
5.1 8.15365
5.2 8.17165
5.3 8.1716
5.4 8.14111
5.5 8.10565
5.6 8.07855
5.7 8.06985
5.8 8.08828
5.9 8.11216
6 8.12475
6.1 8.11986
6.2 8.09382
6.3 8.06399
6.4 8.04855
6.5 8.05136
6.6 8.07113
6.7 8.09371
6.8 8.10115
6.9 8.09104
7 8.06826
7.1 8.04519
7.2 8.03781
7.3 8.04766
7.4 8.06725
7.5 8.08497
7.6 8.08758
7.7 8.07415
7.8 8.05376
7.9 8.03762
8 8.03609
8.1 8.04926
8.2 8.06724
8.3 8.07913
8.4 8.07719
8.5 8.06229
8.6 8.0446
8.7 8.03447
8.8 8.0375
8.9 8.05162
9 8.06686
9.1 8.07359
9.2 8.06798
9.3 8.05329
9.4 8.03904
9.5 8.03395
9.6 8.04036
9.7 8.05397
9.8 8.0658
9.9 8.06821
10 8.0601
10.1 8.04657
10.2 8.03601
10.3 8.03489
10.4 8.04326
10.5 8.05544
10.6 8.06367
10.7 8.06268
10.8 8.05336
10.9 8.0417
11 8.03481
11.1 8.03678
11.2 8.04594
11.3 8.05616
11.4 8.06102
11.5 8.05754
11.6 8.04806
11.7 8.03864
11.8 8.03502
11.9 8.03913
12 8.0481
12.1 8.05603
12.2 8.05796
12.3 8.05284
12.4 8.04398
12.5 8.03697
12.6 8.03604
12.7 8.04145
12.8 8.04956
12.9 8.05515
13 8.05476
13.1 8.04879
13.2 8.04108
13.3 8.03643
13.4 8.03758
13.5 8.04353
13.6 8.05036
13.7 8.05375
13.8 8.05164
13.9 8.0455
13.948 8.04228
