0 0
0.1 0.00132088
0.2 0.0313625
0.3 0.11034
0.4 0.247761
0.5 0.468465
0.6 0.754482
0.7 1.07581
0.8 1.41998
0.9 1.76148
1 2.10178
1.1 2.46239
1.2 2.84497
1.3 3.25576
1.4 3.68671
1.5 4.1067
1.6 4.50195
1.7 4.86358
1.8 5.18985
1.9 5.50191
2 5.8108
2.1 6.11748
2.2 6.42115
2.3 6.70384
2.4 6.95272
2.5 7.16922
2.6 7.35598
2.7 7.52707
2.8 7.69524
2.9 7.85755
3 8.00761
3.1 8.13191
3.2 8.21554
3.3 8.25808
3.4 8.26532
3.5 8.24801
3.6 8.22107
3.7 8.1903
3.8 8.15732
3.9 8.1254
4 8.09918
4.1 8.09357
4.2 8.10347
4.3 8.12278
4.4 8.15037
4.5 8.15426
4.6 8.13152
4.7 8.09623
4.8 8.05085
4.9 8.0206
5 8.015
5.1 8.01868
5.2 8.02753
5.3 8.02503
5.4 7.99975
5.5 7.96684
5.6 7.93431
5.7 7.91281
5.8 7.91373
5.9 7.9245
6 7.93387
6.1 7.93492
6.2 7.91816
6.3 7.89287
6.4 7.87219
6.5 7.8611
6.6 7.86613
6.7 7.88062
6.8 7.89089
6.9 7.89221
7 7.88093
7.1 7.86174
7.2 7.84753
7.3 7.8433
7.4 7.85016
7.5 7.86434
7.6 7.87427
7.7 7.87448
7.8 7.86544
7.9 7.85072
8 7.8401
8.1 7.8393
8.2 7.84691
8.3 7.8591
8.4 7.86772
8.5 7.86714
8.6 7.85912
8.7 7.84786
8.8 7.84008
8.9 7.84092
9 7.84859
9.1 7.85853
9.2 7.86507
9.3 7.86371
9.4 7.8561
9.5 7.84698
9.6 7.84125
9.7 7.84263
9.8 7.84968
9.9 7.85764
10 7.86216
10.1 7.8603
10.2 7.85336
10.3 7.84594
10.4 7.842
10.5 7.84381
10.6 7.85012
10.7 7.85661
10.8 7.85961
10.9 7.85746
11 7.8514
11.1 7.84539
11.2 7.84285
11.3 7.84496
11.4 7.85044
11.5 7.85569
11.6 7.85755
11.7 7.85522
11.8 7.85003
11.9 7.84523
12 7.84369
12.1 7.84598
12.2 7.85065
12.3 7.85481
12.4 7.85587
12.5 7.85346
12.6 7.84908
12.7 7.84533
12.8 7.84449
12.9 7.84683
13 7.85078
13.1 7.85399
13.2 7.85449
13.3 7.85211
13.4 7.84843
13.5 7.84558
13.6 7.84524
13.7 7.84751
13.8 7.85084
13.9 7.85325
14 7.85334
14.0455 7.85256
