0 0
0.1 0.0107405
0.2 0.0734295
0.3 0.190876
0.4 0.364923
0.5 0.61362
0.6 0.9109
0.7 1.25227
0.8 1.62488
0.9 2.00843
1 2.41506
1.1 2.83668
1.2 3.27487
1.3 3.73121
1.4 4.18365
1.5 4.62763
1.6 5.0506
1.7 5.44545
1.8 5.82377
1.9 6.18449
2 6.53469
2.1 6.87572
2.2 7.19656
2.3 7.49787
2.4 7.77491
2.5 8.02994
2.6 8.27431
2.7 8.50879
2.8 8.73718
2.9 8.9549
3 9.14933
3.1 9.31614
3.2 9.44806
3.3 9.54582
3.4 9.61663
3.5 9.6616
3.6 9.68677
3.7 9.69398
3.8 9.6851
3.9 9.67298
4 9.672
4.1 9.69519
4.2 9.71924
4.3 9.74472
4.4 9.77234
4.5 9.77358
4.6 9.76188
4.7 9.73758
4.8 9.70766
4.9 9.69664
5 9.69391
5.1 9.70066
5.2 9.70849
5.3 9.69953
5.4 9.68431
5.5 9.66314
5.6 9.64582
5.7 9.64575
5.8 9.65283
5.9 9.66536
6 9.67315
6.1 9.66616
6.2 9.65405
6.3 9.63924
6.4 9.63136
6.5 9.63738
6.6 9.64757
6.7 9.65894
6.8 9.6625
6.9 9.65375
7 9.64236
7.1 9.63146
7.2 9.62916
7.3 9.63771
7.4 9.64755
7.5 9.65569
7.6 9.65491
7.7 9.64498
7.8 9.6351
7.9 9.62799
8 9.62991
8.1 9.63928
8.2 9.64751
8.3 9.6522
8.4 9.64811
8.5 9.63828
8.6 9.63057
8.7 9.62702
8.8 9.63179
8.9 9.64067
9 9.64671
9.1 9.64816
9.2 9.64201
9.3 9.63328
9.4 9.628
9.5 9.62757
9.6 9.63393
9.7 9.6415
9.8 9.64524
9.9 9.64407
10 9.63711
10.1 9.63014
10.2 9.62728
10.3 9.62927
10.4 9.63604
10.5 9.6418
10.6 9.64332
10.7 9.64021
10.8 9.6334
10.9 9.62842
11 9.62772
11.1 9.63132
11.2 9.63759
11.3 9.6414
11.4 9.64101
11.5 9.63679
11.6 9.63088
11.7 9.6279
11.8 9.62897
11.9 9.63334
12 9.63852
12.1 9.64045
12.2 9.63859
12.3 9.63401
12.4 9.6294
12.5 9.62824
12.6 9.63054
12.7 9.63497
12.8 9.63875
12.9 9.63904
13 9.63624
13.1 9.63191
13.2 9.62879
13.3 9.62912
13.4 9.63211
13.5 9.63608
13.6 9.6384
13.7 9.6374
13.8 9.63419
13.9 9.63055
14 9.62887
14.1 9.63029
14.2 9.63349
14.3 9.63664
14.3955 9.63763
