0 0
0.1 0.0225044
0.2 0.138766
0.3 0.343914
0.4 0.643912
0.5 1.06068
0.6 1.5587
0.7 2.14807
0.8 2.80704
0.9 3.52387
1 4.31411
1.1 5.15822
1.2 6.06778
1.3 7.02817
1.4 8.01828
1.5 9.03641
1.6 10.0583
1.7 11.0898
1.8 12.1304
1.9 13.1727
2 14.2212
2.1 15.2537
2.2 16.2617
2.3 17.235
2.4 18.1611
2.5 19.0464
2.6 19.882
2.7 20.6643
2.8 21.3845
2.9 22.0223
3 22.5723
3.1 23.023
3.2 23.3753
3.3 23.638
3.4 23.8129
3.5 23.9128
3.6 23.9431
3.7 23.9156
3.8 23.8542
3.9 23.7842
4 23.7474
4.1 23.7604
4.2 23.7707
4.3 23.7912
4.4 23.8096
4.5 23.7981
4.6 23.7872
4.7 23.7625
4.8 23.7499
4.9 23.7589
5 23.7683
5.1 23.7885
5.2 23.79
5.3 23.7778
5.4 23.7641
5.5 23.7464
5.6 23.7502
5.7 23.762
5.8 23.776
5.9 23.7872
6 23.7781
6.1 23.7656
6.2 23.7516
6.3 23.7457
6.4 23.7566
6.5 23.7677
6.6 23.7788
6.7 23.7782
6.8 23.7653
6.9 23.7543
7 23.7454
7.1 23.7499
7.2 23.7624
7.3 23.7718
7.4 23.7768
7.5 23.7686
7.6 23.7569
7.7 23.7493
7.8 23.7481
7.9 23.7585
8 23.7687
8.1 23.774
8.2 23.7716
8.3 23.7604
8.4 23.7521
8.5 23.749
8.6 23.7541
8.7 23.7649
8.8 23.7707
8.9 23.7712
9 23.7638
9.1 23.7541
9.2 23.7504
9.3 23.7521
9.4 23.7608
9.5 23.7687
9.6 23.7702
9.7 23.7665
9.8 23.7576
9.9 23.752
10 23.7524
10.1 23.7578
10.2 23.7661
10.3 23.7694
10.4 23.7673
10.5 23.7609
10.6 23.7538
10.7 23.7526
10.8 23.756
10.9 23.7627
11 23.7681
11.1 23.7674
11.2 23.763
11.3 23.7564
11.4 23.7531
11.5 23.7553
11.6 23.7603
11.7 23.7662
11.8 23.7676
11.9 23.7643
12 23.7591
12.1 23.7545
12.2 23.7549
12.3 23.7589
12.4 23.7639
12.5 23.767
12.6 23.7651
12.7 23.7608
12.8 23.7563
12.9 23.7548
13 23.7577
13.1 23.762
13.2 23.7656
13.3 23.7656
13.4 23.762
13.5 23.758
13.6 23.7555
13.7 23.7568
13.8 23.7607
13.9 23.7642
13.9545 23.7653
