0 0
0.1 0.0110389
0.2 0.0729756
0.3 0.188382
0.4 0.358497
0.5 0.598956
0.6 0.884691
0.7 1.2111
0.8 1.5651
0.9 1.92743
1 2.30914
1.1 2.70168
1.2 3.1073
1.3 3.52725
1.4 3.94108
1.5 4.34602
1.6 4.72956
1.7 5.08633
1.8 5.42774
1.9 5.75233
2 6.06903
2.1 6.37868
2.2 6.67198
2.3 6.95095
2.4 7.2097
2.5 7.45189
2.6 7.68712
2.7 7.91516
2.8 8.14059
2.9 8.35677
3 8.55236
3.1 8.72273
3.2 8.85901
3.3 8.96292
3.4 9.03922
3.5 9.08897
3.6 9.11874
3.7 9.12895
3.8 9.12348
3.9 9.11436
4 9.11541
4.1 9.14006
4.2 9.1639
4.3 9.18838
4.4 9.21438
4.5 9.21486
4.6 9.20395
4.7 9.18042
4.8 9.15144
4.9 9.14042
5 9.1361
5.1 9.14185
5.2 9.14858
5.3 9.13954
5.4 9.12572
5.5 9.10484
5.6 9.08791
5.7 9.08692
5.8 9.09172
5.9 9.10326
6 9.10968
6.1 9.10278
6.2 9.0917
6.3 9.07651
6.4 9.06882
6.5 9.07344
6.6 9.08187
6.7 9.09291
6.8 9.09565
6.9 9.08788
7 9.07745
7.1 9.06631
7.2 9.06428
7.3 9.07135
7.4 9.08024
7.5 9.08843
7.6 9.08737
7.7 9.07882
7.8 9.06947
7.9 9.06213
8 9.06399
8.1 9.07187
8.2 9.0797
8.3 9.08453
8.4 9.08058
8.5 9.07206
8.6 9.06441
8.7 9.06058
8.8 9.06496
8.9 9.07256
9 9.07861
9.1 9.08029
9.2 9.07455
9.3 9.06683
9.4 9.06127
9.5 9.06048
9.6 9.06623
9.7 9.07286
9.8 9.0769
9.9 9.07601
10 9.06959
10.1 9.06327
10.2 9.05992
10.3 9.06154
10.4 9.06767
10.5 9.07289
10.6 9.0749
10.7 9.0721
10.8 9.06584
10.9 9.06115
11 9.05985
11.1 9.06306
11.2 9.06876
11.3 9.07236
11.4 9.07254
11.5 9.06862
11.6 9.06315
11.7 9.06017
11.8 9.0606
11.9 9.06464
12 9.06939
12.1 9.0714
12.2 9.07012
12.3 9.06578
12.4 9.06148
12.5 9.06008
12.6 9.06179
12.7 9.06597
12.8 9.06949
12.9 9.07007
13 9.06778
13.1 9.06362
13.2 9.06063
13.3 9.06057
13.4 9.06308
13.5 9.06688
13.6 9.06911
13.7 9.06853
13.8 9.06571
13.9 9.06214
14 9.06045
14.1 9.06141
14.2 9.06426
14.3 9.06735
14.4 9.06837
14.4965 9.06705
