0 0
0.1 0.00291029
0.2 0.0328528
0.3 0.0991252
0.4 0.20605
0.5 0.371938
0.6 0.579165
0.7 0.81493
0.8 1.0709
0.9 1.32592
1 1.58852
1.1 1.86396
1.2 2.1512
1.3 2.4594
1.4 2.77265
1.5 3.07701
1.6 3.3664
1.7 3.62754
1.8 3.8693
1.9 4.10078
2 4.32378
2.1 4.54656
2.2 4.75961
2.3 4.95318
2.4 5.12557
2.5 5.27041
2.6 5.39608
2.7 5.51145
2.8 5.61697
2.9 5.71589
3 5.79882
3.1 5.85537
3.2 5.88342
3.3 5.87968
3.4 5.85232
3.5 5.81204
3.6 5.76334
3.7 5.7132
3.8 5.66161
3.9 5.60915
4 5.56568
4.1 5.53967
4.2 5.52306
4.3 5.51748
4.4 5.51994
4.5 5.50695
4.6 5.48188
4.7 5.44577
4.8 5.40282
4.9 5.37464
5 5.35939
5.1 5.35494
5.2 5.35744
5.3 5.34839
5.4 5.3296
5.5 5.30479
5.6 5.27803
5.7 5.26532
5.8 5.26487
5.9 5.27176
6 5.2816
6.1 5.28036
6.2 5.2695
6.3 5.2544
6.4 5.23924
6.5 5.23578
6.6 5.24233
6.7 5.25282
6.8 5.26292
6.9 5.26252
7 5.2533
7.1 5.24149
7.2 5.23131
7.3 5.23115
7.4 5.23917
7.5 5.24894
7.6 5.25636
7.7 5.25448
7.8 5.2453
7.9 5.23525
8 5.22822
8.1 5.22985
8.2 5.23798
8.3 5.24628
8.4 5.2511
8.5 5.24796
8.6 5.23918
8.7 5.23089
8.8 5.22647
8.9 5.22938
9 5.23718
9.1 5.24399
9.2 5.24673
9.3 5.24281
9.4 5.2348
9.5 5.22825
9.6 5.22594
9.7 5.22968
9.8 5.23685
9.9 5.24219
10 5.24328
10.1 5.23895
10.2 5.23188
10.3 5.22694
10.4 5.22627
10.5 5.23045
10.6 5.23677
10.7 5.24073
10.8 5.24052
10.9 5.23603
11 5.22997
11.1 5.22646
11.2 5.22699
11.3 5.23127
11.4 5.23663
11.5 5.23932
11.6 5.23816
11.7 5.23377
11.8 5.22874
11.9 5.22646
12 5.22784
12.1 5.23198
12.2 5.23636
12.3 5.23798
12.4 5.23618
12.5 5.23207
12.6 5.22806
12.7 5.2268
12.8 5.22872
12.9 5.23256
13 5.236
13.1 5.23674
13.2 5.23455
13.3 5.23083
13.4 5.22776
13.5 5.22733
13.6 5.22956
13.7 5.23298
13.8 5.23556
13.831 5.23587
