0 0
0.1 0.0216266
0.2 0.165168
0.3 0.43583
0.4 0.840525
0.5 1.41421
0.6 2.11961
0.7 2.94519
0.8 3.87826
0.9 4.88761
1 5.98545
1.1 7.17058
1.2 8.42633
1.3 9.75906
1.4 11.1272
1.5 12.5172
1.6 13.9199
1.7 15.3203
1.8 16.7401
1.9 18.1743
2 19.6215
2.1 21.0767
2.2 22.5181
2.3 23.9424
2.4 25.3492
2.5 26.7375
2.6 28.1153
2.7 29.4682
2.8 30.7729
2.9 32.001
3 33.1122
3.1 34.0845
3.2 34.9002
3.3 35.5506
3.4 36.0403
3.5 36.3691
3.6 36.5492
3.7 36.6023
3.8 36.5615
3.9 36.4805
4 36.42
4.1 36.4224
4.2 36.4282
4.3 36.4411
4.4 36.4584
4.5 36.4355
4.6 36.3996
4.7 36.3645
4.8 36.3353
4.9 36.344
5 36.3664
5.1 36.381
5.2 36.3896
5.3 36.362
5.4 36.3329
5.5 36.3139
5.6 36.3084
5.7 36.3324
5.8 36.3514
5.9 36.359
6 36.3499
6.1 36.3218
6.2 36.3024
6.3 36.2987
6.4 36.3102
6.5 36.3343
6.6 36.3457
6.7 36.3408
6.8 36.3241
6.9 36.3013
7 36.2951
7.1 36.3037
7.2 36.3213
7.3 36.3384
7.4 36.338
7.5 36.3251
7.6 36.3074
7.7 36.2955
7.8 36.3006
7.9 36.3155
8 36.3306
8.1 36.3368
8.2 36.3272
8.3 36.3115
8.4 36.2995
8.5 36.2982
8.6 36.3103
8.7 36.3247
8.8 36.3327
8.9 36.3294
9 36.3161
9.1 36.3044
9.2 36.3013
9.3 36.3088
9.4 36.3227
9.5 36.3321
9.6 36.3318
9.7 36.3224
9.8 36.3101
9.9 36.3045
10 36.3084
10.1 36.3189
10.2 36.3291
10.3 36.3311
10.4 36.3244
10.5 36.3137
10.6 36.3062
10.7 36.3074
10.8 36.3157
10.9 36.3253
11 36.3298
11.1 36.3258
11.2 36.3169
11.3 36.3091
11.4 36.3078
11.5 36.3139
11.6 36.3226
11.7 36.3283
11.8 36.3271
11.9 36.3199
12 36.3123
12.1 36.3092
12.2 36.3128
12.3 36.3204
12.4 36.3266
12.5 36.3273
12.6 36.3222
12.7 36.315
12.8 36.3109
12.9 36.3124
12.987 36.3175
