0 0
0.1 0.00334759
0.2 0.0476379
0.3 0.154245
0.4 0.323511
0.5 0.580194
0.6 0.901436
0.7 1.24701
0.8 1.60339
0.9 1.94627
1 2.27608
1.1 2.61972
1.2 2.9824
1.3 3.36541
1.4 3.76017
1.5 4.13421
1.6 4.46897
1.7 4.76195
1.8 5.01663
1.9 5.25511
2 5.49528
2.1 5.73597
2.2 5.97108
2.3 6.18471
2.4 6.36105
2.5 6.50325
2.6 6.62156
2.7 6.7295
2.8 6.84078
2.9 6.95207
3 7.04954
3.1 7.1186
3.2 7.1454
3.3 7.13
3.4 7.0853
3.5 7.02583
3.6 6.96599
3.7 6.91245
3.8 6.86335
3.9 6.81947
4 6.78851
4.1 6.78548
4.2 6.79704
4.3 6.81521
4.4 6.8423
4.5 6.84069
4.6 6.80603
4.7 6.75788
4.8 6.70129
4.9 6.66356
5 6.65802
5.1 6.6661
5.2 6.67751
5.3 6.67578
5.4 6.64734
5.5 6.60765
5.6 6.57257
5.7 6.55282
5.8 6.55886
5.9 6.57917
6 6.59485
6.1 6.59707
6.2 6.57946
6.3 6.55021
6.4 6.52814
6.5 6.52171
6.6 6.5331
6.7 6.55542
6.8 6.57128
6.9 6.57167
7 6.55706
7.1 6.53414
7.2 6.51785
7.3 6.5172
7.4 6.53017
7.5 6.5494
7.6 6.56219
7.7 6.56004
7.8 6.54558
7.9 6.52686
8 6.51476
8.1 6.51668
8.2 6.52988
8.3 6.54581
8.4 6.55491
8.5 6.55113
8.6 6.5372
8.7 6.52178
8.8 6.51351
8.9 6.51706
9 6.52964
9.1 6.54282
9.2 6.54868
9.3 6.54374
9.4 6.53096
9.5 6.51835
9.6 6.51318
9.7 6.51795
9.8 6.52943
9.9 6.54018
10 6.54357
10.1 6.53785
10.2 6.52654
10.3 6.5165
10.4 6.51368
10.5 6.51922
10.6 6.5294
10.7 6.53784
10.8 6.53934
10.9 6.53321
11 6.52332
11.1 6.51558
11.2 6.51449
11.3 6.52033
11.4 6.52918
11.5 6.53557
11.6 6.53562
11.7 6.52947
11.8 6.52098
11.9 6.51522
12 6.51547
12.1 6.52127
12.2 6.52882
12.3 6.53347
12.4 6.53247
12.5 6.52656
12.6 6.51942
12.7 6.51532
12.8 6.51653
12.9 6.52206
13 6.52837
13.1 6.53157
13.2 6.52983
13.3 6.52433
13.4 6.51845
13.5 6.51571
13.54 6.51591
