0 0
0.1 0.0130829
0.2 0.115048
0.3 0.321874
0.4 0.628652
0.5 1.07077
0.6 1.61902
0.7 2.23658
0.8 2.91929
0.9 3.63628
1 4.38439
1.1 5.18899
1.2 6.02927
1.3 6.90648
1.4 7.80247
1.5 8.67898
1.6 9.53382
1.7 10.3618
1.8 11.1681
1.9 11.9738
2 12.7798
2.1 13.5774
2.2 14.3633
2.3 15.1205
2.4 15.8505
2.5 16.5669
2.6 17.2738
2.7 17.9805
2.8 18.6776
2.9 19.3405
3 19.9465
3.1 20.4718
3.2 20.9025
3.3 21.2401
3.4 21.4863
3.5 21.6456
3.6 21.7255
3.7 21.7309
3.8 21.6808
3.9 21.607
4 21.5513
4.1 21.5525
4.2 21.569
4.3 21.5916
4.4 21.6244
4.5 21.6155
4.6 21.5729
4.7 21.531
4.8 21.4893
4.9 21.4814
5 21.5104
5.1 21.5321
5.2 21.5479
5.3 21.5351
5.4 21.494
5.5 21.4636
5.6 21.4496
5.7 21.4597
5.8 21.4912
5.9 21.5116
6 21.5094
6.1 21.4897
6.2 21.4558
6.3 21.4363
6.4 21.4417
6.5 21.4612
6.6 21.4879
6.7 21.4987
6.8 21.486
6.9 21.4626
7 21.4401
7.1 21.4337
7.2 21.4494
7.3 21.472
7.4 21.4883
7.5 21.4886
7.6 21.47
7.7 21.4485
7.8 21.4372
7.9 21.4419
8 21.461
8.1 21.4796
8.2 21.4854
8.3 21.4761
8.4 21.4568
8.5 21.441
8.6 21.4398
8.7 21.4519
8.8 21.4701
8.9 21.4821
9 21.4797
9.1 21.4662
9.2 21.4506
9.3 21.4432
9.4 21.4495
9.5 21.4644
9.6 21.4778
9.7 21.4815
9.8 21.4728
9.9 21.4582
10 21.4476
10.1 21.4474
10.2 21.4577
10.3 21.471
10.4 21.4782
10.5 21.4751
10.6 21.4638
10.7 21.452
10.8 21.4477
10.9 21.4532
11 21.4645
11.1 21.4742
11.2 21.4756
11.3 21.4683
11.4 21.4574
11.5 21.4502
11.6 21.4514
11.7 21.4599
11.8 21.4697
11.9 21.4745
12 21.4712
12.1 21.4622
12.2 21.4539
12.3 21.4516
12.4 21.4565
12.5 21.4653
12.6 21.4719
12.7 21.4721
12.8 21.466
12.9 21.4578
13 21.4531
13.1 21.4548
13.2 21.4615
13.3 21.4687
13.4 21.4716
13.5 21.4684
13.6 21.4615
13.7 21.4555
13.8 21.4545
13.8665 21.4569
