0 0
0.1 0.00451774
0.2 0.0685158
0.3 0.24336
0.4 0.539396
0.5 0.991315
0.6 1.59797
0.7 2.29484
0.8 3.03841
0.9 3.81516
1 4.60911
1.1 5.43553
1.2 6.32883
1.3 7.28257
1.4 8.27007
1.5 9.267
1.6 10.2353
1.7 11.1543
1.8 12.0394
1.9 12.9124
2 13.7896
2.1 14.6833
2.2 15.5858
2.3 16.4732
2.4 17.3317
2.5 18.16
2.6 18.9631
2.7 19.7549
2.8 20.5424
2.9 21.3106
3 22.0312
3.1 22.6698
3.2 23.1944
3.3 23.5894
3.4 23.8589
3.5 24.0182
3.6 24.0872
3.7 24.0867
3.8 24.0349
3.9 23.9527
4 23.8732
4.1 23.8377
4.2 23.8394
4.3 23.8587
4.4 23.8973
4.5 23.9104
4.6 23.8672
4.7 23.8016
4.8 23.7429
4.9 23.704
5 23.7087
5.1 23.7481
5.2 23.7786
5.3 23.7829
5.4 23.76
5.5 23.7121
5.6 23.6685
5.7 23.6562
5.8 23.672
5.9 23.7023
6 23.7297
6.1 23.733
6.2 23.7084
6.3 23.6746
6.4 23.6497
6.5 23.6449
6.6 23.6638
6.7 23.6921
6.8 23.7095
6.9 23.7074
7 23.6874
7.1 23.6606
7.2 23.644
7.3 23.6473
7.4 23.6663
7.5 23.6892
7.6 23.7034
7.7 23.7004
7.8 23.6836
7.9 23.665
8 23.6552
8.1 23.6596
8.2 23.6748
8.3 23.6905
8.4 23.6967
8.5 23.6902
8.6 23.6753
8.7 23.661
8.8 23.6559
8.9 23.6625
9 23.6757
9.1 23.6875
9.2 23.691
9.3 23.6845
9.4 23.6728
9.5 23.6636
9.6 23.6623
9.7 23.6695
9.8 23.6808
9.9 23.6892
10 23.6902
10.1 23.684
10.2 23.675
10.3 23.6689
10.4 23.6696
10.5 23.6764
10.6 23.6849
10.7 23.6903
10.8 23.6895
10.9 23.6836
11 23.6765
11.1 23.6727
11.2 23.6743
11.3 23.6801
11.4 23.6864
11.5 23.6894
11.6 23.6876
11.7 23.6823
11.8 23.677
11.9 23.6748
12 23.6769
12.1 23.6818
12.2 23.6862
12.3 23.6877
12.4 23.6854
12.5 23.681
12.6 23.6772
12.7 23.6763
12.8 23.6785
12.9 23.6824
13 23.6855
13.1 23.686
13.2 23.6836
13.3 23.6801
13.4 23.6775
13.5 23.6773
13.6 23.6795
13.7 23.6826
13.8 23.6846
13.9 23.6844
14 23.6822
14.1 23.6795
14.2 23.6778
14.3 23.6782
14.4 23.6801
14.5 23.6825
14.6 23.6837
14.7 23.6831
14.8 23.6812
14.9 23.6791
15 23.6782
15.1 23.6788
15.2 23.6805
15.3 23.6822
15.4 23.6829
15.5 23.6821
15.6 23.6805
15.7 23.679
15.8 23.6785
15.9 23.6793
16 23.6807
16.1 23.6819
16.2 23.6821
16.3 23.6813
16.4 23.68
16.5 23.679
16.6 23.6789
16.7 23.6796
16.8 23.6807
16.9 23.6815
17 23.6815
17.1 23.6808
17.2 23.6797
17.3 23.6791
17.4 23.6791
17.5 23.6798
17.6 23.6807
17.7 23.6812
17.8 23.681
17.9 23.6804
18 23.6796
18.1 23.6792
18.2 23.6794
18.3 23.68
18.4 23.6806
18.5 23.6809
18.6 23.6807
18.7 23.6801
18.8 23.6795
18.9 23.6793
19 23.6795
19.1 23.68
19.2 23.6805
19.3 23.6806
19.3165 23.6806
