0 0
0.1 0.000613997
0.2 0.0497984
0.3 0.228624
0.4 0.601945
0.5 1.22952
0.6 2.11525
0.7 3.17839
0.8 4.32393
0.9 5.47834
1 6.58133
1.1 7.62584
1.2 8.66626
1.3 9.75659
1.4 10.9285
1.5 12.1975
1.6 13.5338
1.7 14.8705
1.8 16.1573
1.9 17.3713
2 18.5114
2.1 19.6172
2.2 20.7533
2.3 21.9633
2.4 23.2657
2.5 24.6561
2.6 26.0938
2.7 27.52
2.8 28.8883
2.9 30.1613
3 31.3092
3.1 32.3201
3.2 33.1854
3.3 33.8854
3.4 34.402
3.5 34.726
3.6 34.8558
3.7 34.8129
3.8 34.6498
3.9 34.4357
4 34.2491
4.1 34.1742
4.2 34.2342
4.3 34.3831
4.4 34.5578
4.5 34.6684
4.6 34.6553
4.7 34.5444
4.8 34.3969
4.9 34.2706
5 34.2257
5.1 34.2812
5.2 34.3911
5.3 34.4955
5.4 34.5488
5.5 34.5179
5.6 34.4124
5.7 34.2868
5.8 34.1927
5.9 34.1597
6 34.1962
6.1 34.2723
6.2 34.3314
6.3 34.3367
6.4 34.281
6.5 34.1794
6.6 34.0729
6.7 34.0073
6.8 34.0001
6.9 34.0423
7 34.1096
7.1 34.1638
7.2 34.1748
7.3 34.1413
7.4 34.0813
7.5 34.0203
7.6 33.9871
7.7 33.9966
7.8 34.0389
7.9 34.0929
8 34.1362
8.1 34.1491
8.2 34.1278
8.3 34.0871
8.4 34.0462
8.5 34.0215
8.6 34.0239
8.7 34.0496
8.8 34.0826
8.9 34.1076
9 34.1139
9.1 34.0978
9.2 34.0674
9.3 34.0378
9.4 34.0197
9.5 34.0189
9.6 34.0344
9.7 34.0564
9.8 34.0731
9.9 34.0779
10 34.0691
10.1 34.0506
10.2 34.0318
10.3 34.021
10.4 34.0211
10.5 34.0313
10.6 34.0463
10.7 34.0584
10.8 34.0624
10.9 34.0579
11 34.0473
11.1 34.0356
11.2 34.0286
11.3 34.0288
11.4 34.0349
11.5 34.0441
11.6 34.0521
11.7 34.0551
11.8 34.0525
11.9 34.0462
12 34.0389
12.1 34.034
12.2 34.0337
12.3 34.0373
12.4 34.0428
12.5 34.048
12.6 34.0504
12.7 34.0491
12.8 34.0453
12.9 34.0408
13 34.0374
13.1 34.0367
13.2 34.0387
13.3 34.0421
13.4 34.0455
13.5 34.0473
13.6 34.0468
13.7 34.0444
13.8 34.0415
13.9 34.0391
14 34.0383
14.1 34.0393
14.2 34.0414
14.3 34.0436
14.4 34.0449
14.5 34.0448
14.6 34.0433
14.7 34.0414
14.8 34.0397
14.9 34.0389
15 34.0394
15.1 34.0407
15.2 34.0421
15.3 34.0431
15.4 34.0432
15.5 34.0423
15.6 34.041
15.7 34.0398
15.8 34.0392
15.9 34.0393
16 34.0401
16.1 34.0411
16.2 34.0418
16.3 34.042
16.4 34.0415
16.5 34.0407
16.6 34.0398
16.7 34.0393
16.8 34.0393
16.9 34.0398
17 34.0405
17.1 34.041
17.1845 34.0412
