0 0
0.1 0.00120533
0.2 0.0414178
0.3 0.16356
0.4 0.391944
0.5 0.764357
0.6 1.27116
0.7 1.85714
0.8 2.48648
0.9 3.1269
1 3.7586
1.1 4.40721
1.2 5.09755
1.3 5.83174
1.4 6.60754
1.5 7.39705
1.6 8.1574
1.7 8.87061
1.8 9.53434
1.9 10.1581
2 10.7706
2.1 11.3906
2.2 12.0159
2.3 12.638
2.4 13.2391
2.5 13.8013
2.6 14.3253
2.7 14.8207
2.8 15.2967
2.9 15.7615
3 16.2081
3.1 16.6138
3.2 16.9547
3.3 17.2103
3.4 17.3706
3.5 17.4443
3.6 17.4504
3.7 17.4108
3.8 17.3486
3.9 17.2832
4 17.2331
4.1 17.2227
4.2 17.2447
4.3 17.2795
4.4 17.3179
4.5 17.3207
4.6 17.2765
4.7 17.2161
4.8 17.1567
4.9 17.1196
5 17.125
5.1 17.1523
5.2 17.1749
5.3 17.1808
5.4 17.1561
5.5 17.1083
5.6 17.0655
5.7 17.0414
5.8 17.0412
5.9 17.0629
6 17.085
6.1 17.0897
6.2 17.0752
6.3 17.045
6.4 17.0127
6.5 16.9965
6.6 16.9997
6.7 17.0163
6.8 17.0361
6.9 17.0442
7 17.0343
7.1 17.0129
7.2 16.9897
7.3 16.9759
7.4 16.9787
7.5 16.9938
7.6 17.0111
7.7 17.0218
7.8 17.0196
7.9 17.0067
8 16.992
8.1 16.9839
8.2 16.9867
8.3 16.9991
8.4 17.0138
8.5 17.0227
8.6 17.0223
8.7 17.0135
8.8 17.0022
8.9 16.9954
9 16.9966
9.1 17.0047
9.2 17.0151
9.3 17.0216
9.4 17.021
9.5 17.0142
9.6 17.0053
9.7 16.9992
9.8 16.9992
9.9 17.0048
10 17.0122
10.1 17.0173
10.2 17.0172
10.3 17.0122
10.4 17.0055
10.5 17.0007
10.6 17.0003
10.7 17.0042
10.8 17.0098
10.9 17.0138
11 17.0141
11.1 17.0106
11.2 17.0056
11.3 17.0019
11.4 17.0014
11.5 17.0041
11.6 17.0082
11.7 17.0114
11.8 17.0118
11.9 17.0094
12 17.0056
12.1 17.0027
12.2 17.0022
12.3 17.004
12.4 17.0071
12.5 17.0096
12.6 17.01
12.7 17.0084
12.8 17.0056
12.9 17.0034
13 17.0028
13.1 17.0041
13.2 17.0063
13.3 17.0082
13.4 17.0087
13.5 17.0076
13.6 17.0055
13.7 17.0038
13.8 17.0033
13.9 17.0041
14 17.0058
14.1 17.0073
14.2 17.0077
14.3 17.007
14.4 17.0055
14.5 17.0041
14.6 17.0036
14.7 17.0042
14.8 17.0054
14.9 17.0066
15 17.007
15.1 17.0065
15.2 17.0054
15.3 17.0044
15.4 17.0039
15.5 17.0043
15.6 17.0052
15.7 17.0061
15.8 17.0065
15.9 17.0061
16 17.0053
16.1 17.0045
16.2 17.0042
16.3 17.0044
16.322 17.0046
