0 0
0.1 0.00483293
0.2 0.0453571
0.3 0.129724
0.4 0.259421
0.5 0.455477
0.6 0.696372
0.7 0.968361
0.8 1.26574
0.9 1.56623
1 1.88033
1.1 2.21488
1.2 2.56603
1.3 2.94164
1.4 3.32481
1.5 3.69842
1.6 4.05799
1.7 4.39203
1.8 4.70776
1.9 5.01679
2 5.31819
2.1 5.61598
2.2 5.90213
2.3 6.16298
2.4 6.39862
2.5 6.60678
2.6 6.79326
2.7 6.97039
2.8 7.13662
2.9 7.29071
3 7.42598
3.1 7.52896
3.2 7.59925
3.3 7.63787
3.4 7.64986
3.5 7.64777
3.6 7.63415
3.7 7.61159
3.8 7.58364
3.9 7.551
4 7.52742
4.1 7.52652
4.2 7.53206
4.3 7.54711
4.4 7.56992
4.5 7.56964
4.6 7.55516
4.7 7.52928
4.8 7.49555
4.9 7.4811
5 7.48074
5.1 7.48905
5.2 7.50274
5.3 7.50007
5.4 7.48447
5.5 7.46429
5.6 7.44321
5.7 7.4384
5.8 7.44791
5.9 7.46111
6 7.474
6.1 7.47307
6.2 7.45913
6.3 7.44405
6.4 7.43161
6.5 7.43205
6.6 7.44482
6.7 7.45741
6.8 7.46601
6.9 7.46302
7 7.44904
7.1 7.43655
7.2 7.42932
7.3 7.43261
7.4 7.44554
7.5 7.45605
7.6 7.46043
7.7 7.4554
7.8 7.44226
7.9 7.43236
8 7.42924
8.1 7.43456
8.2 7.44651
8.3 7.45467
8.4 7.45571
8.5 7.4493
8.6 7.43775
8.7 7.43046
8.8 7.43046
8.9 7.43701
9 7.44732
9.1 7.4531
9.2 7.45161
9.3 7.44449
9.4 7.43492
9.5 7.43008
9.6 7.43236
9.7 7.43939
9.8 7.44776
9.9 7.45131
10 7.44808
10.1 7.44095
10.2 7.4335
10.3 7.43089
10.4 7.43467
10.5 7.44156
10.6 7.44793
10.7 7.44949
10.8 7.44517
10.9 7.43848
11 7.43302
11.1 7.43227
11.2 7.43683
11.3 7.44309
11.4 7.44754
11.5 7.44743
11.6 7.44261
11.7 7.43672
11.8 7.43309
11.9 7.43382
12 7.43866
12.1 7.444
12.2 7.44675
12.3 7.44539
12.4 7.44054
12.5 7.43567
12.6 7.43364
12.7 7.43544
12.8 7.44014
12.9 7.44442
13 7.44573
13.1 7.44351
13.2 7.43897
13.3 7.43521
13.4 7.43449
13.5 7.43698
13.6 7.44124
13.7 7.44442
13.8 7.44458
13.851 7.44349
