0 0
0.1 0.00862039
0.2 0.067088
0.3 0.179238
0.4 0.345832
0.5 0.588796
0.6 0.881408
0.7 1.21518
0.8 1.58149
0.9 1.95869
1 2.35915
1.1 2.78362
1.2 3.22844
1.3 3.69838
1.4 4.17311
1.5 4.63821
1.6 5.08919
1.7 5.51447
1.8 5.92402
1.9 6.32588
2 6.71634
2.1 7.10086
2.2 7.46676
2.3 7.80455
2.4 8.11809
2.5 8.40279
2.6 8.67075
2.7 8.92948
2.8 9.17382
2.9 9.40494
3 9.6086
3.1 9.77539
3.2 9.90621
3.3 9.9977
3.4 10.0596
3.5 10.0984
3.6 10.114
3.7 10.1126
3.8 10.095
3.9 10.0701
4 10.0582
4.1 10.0713
4.2 10.0875
4.3 10.11
4.4 10.1351
4.5 10.1333
4.6 10.1171
4.7 10.0889
4.8 10.0577
4.9 10.0479
5 10.0515
5.1 10.0635
5.2 10.0757
5.3 10.0698
5.4 10.0521
5.5 10.032
5.6 10.0154
5.7 10.0175
5.8 10.0315
5.9 10.0459
6 10.0562
6.1 10.0493
6.2 10.0328
6.3 10.0189
6.4 10.0104
6.5 10.0183
6.6 10.0333
6.7 10.0443
6.8 10.0488
6.9 10.0384
7 10.0232
7.1 10.0133
7.2 10.011
7.3 10.0216
7.4 10.0351
7.5 10.0423
7.6 10.0415
7.7 10.0299
7.8 10.0172
7.9 10.0116
8 10.0142
8.1 10.0254
8.2 10.0365
8.3 10.0396
8.4 10.035
8.5 10.0237
8.6 10.0139
8.7 10.0124
8.8 10.0181
8.9 10.0286
9 10.0366
9.1 10.0361
9.2 10.0294
9.3 10.0194
9.4 10.013
9.5 10.0149
9.6 10.022
9.7 10.0309
9.8 10.0355
9.9 10.0323
10 10.0248
10.1 10.0168
10.2 10.0137
10.3 10.0179
10.4 10.0253
10.5 10.0321
10.6 10.0336
10.7 10.0287
10.8 10.0215
10.9 10.0159
11 10.0157
11.1 10.0211
11.2 10.0278
11.3 10.0321
11.4 10.0312
11.5 10.0255
11.6 10.0193
11.7 10.0162
11.8 10.018
11.9 10.0238
12 10.0292
12.1 10.0312
12.2 10.0285
12.3 10.0228
12.4 10.0182
12.5 10.0172
12.6 10.0204
12.7 10.0259
12.8 10.0296
12.9 10.0296
13 10.026
13.1 10.0209
13.2 10.018
13.3 10.0188
13.4 10.0226
13.5 10.0272
13.6 10.0293
13.7 10.0278
13.8 10.0239
13.83 10.0225
