0 0
0.1 0.0172591
0.2 0.137568
0.3 0.37029
0.4 0.714115
0.5 1.19975
0.6 1.78976
0.7 2.45968
0.8 3.19731
0.9 3.96932
1 4.78246
1.1 5.64599
1.2 6.54215
1.3 7.47824
1.4 8.42271
1.5 9.35146
1.6 10.2634
1.7 11.1448
1.8 12.0155
1.9 12.8867
2 13.7564
2.1 14.6267
2.2 15.4829
2.3 16.3163
2.4 17.1341
2.5 17.9405
2.6 18.748
2.7 19.5603
2.8 20.3596
2.9 21.1267
3 21.8306
3.1 22.4464
3.2 22.9638
3.3 23.3741
3.4 23.68
3.5 23.885
3.6 23.9914
3.7 24.0126
3.8 23.9703
3.9 23.9005
4 23.8543
4.1 23.867
4.2 23.8867
4.3 23.9124
4.4 23.9404
4.5 23.9254
4.6 23.8873
4.7 23.8458
4.8 23.8081
4.9 23.808
5 23.8317
5.1 23.8507
5.2 23.8642
5.3 23.8424
5.4 23.806
5.5 23.7795
5.6 23.7652
5.7 23.7822
5.8 23.8074
5.9 23.8203
6 23.8167
6.1 23.7897
6.2 23.7598
6.3 23.7471
6.4 23.752
6.5 23.7747
6.6 23.7961
6.7 23.7982
6.8 23.7848
6.9 23.7595
7 23.7411
7.1 23.7427
7.2 23.7581
7.3 23.7799
7.4 23.7914
7.5 23.784
7.6 23.7657
7.7 23.7466
7.8 23.7402
7.9 23.7514
8 23.7698
8.1 23.7846
8.2 23.7855
8.3 23.7713
8.4 23.7537
8.5 23.7431
8.6 23.7465
8.7 23.7619
8.8 23.7771
8.9 23.7832
9 23.7761
9.1 23.7606
9.2 23.7486
9.3 23.7475
9.4 23.7579
9.5 23.7732
9.6 23.7825
9.7 23.7805
9.8 23.7691
9.9 23.7559
10 23.7506
10.1 23.756
10.2 23.7682
10.3 23.7791
10.4 23.781
10.5 23.7732
10.6 23.7613
10.7 23.753
10.8 23.754
10.9 23.7632
11 23.7739
11.1 23.7792
11.2 23.7754
11.3 23.7655
11.4 23.7564
11.5 23.7539
11.6 23.7597
11.7 23.7695
11.8 23.7765
11.9 23.7763
12 23.7692
12.1 23.7602
12.2 23.7554
12.3 23.7579
12.4 23.7658
12.5 23.7735
12.6 23.776
12.7 23.7717
12.8 23.7638
12.9 23.7577
13 23.7574
13.1 23.7629
13.2 23.7703
13.3 23.7746
13.4 23.773
13.5 23.7668
13.6 23.7603
13.7 23.7579
13.8 23.761
13.9 23.7674
14 23.7726
14.1 23.7733
14.2 23.7691
14.3 23.763
14.4 23.7592
14.5 23.7601
14.6 23.7649
14.7 23.7704
14.8 23.7727
14.9 23.7705
15 23.7653
15.1 23.7609
15.2 23.76
15.3 23.7632
15.4 23.7681
15.5 23.7715
15.6 23.771
15.7 23.7672
15.8 23.7627
15.9 23.7605
16 23.7621
16.1 23.7661
16.2 23.7699
16.3 23.7709
16.4 23.7685
16.5 23.7645
16.6 23.7615
16.7 23.7616
16.8 23.7646
16.9 23.7683
17 23.7703
17.1 23.7692
17.2 23.766
17.3 23.7627
17.4 23.7617
17.5 23.7635
17.6 23.7667
17.7 23.7692
17.8 23.7694
17.9 23.7671
18 23.764
18.1 23.7622
18.2 23.7628
18.3 23.7654
18.4 23.7681
18.5 23.7691
18.6 23.7678
18.7 23.7652
18.8 23.763
18.8735 23.7625
