0 0
0.1 0.00438757
0.2 0.0346069
0.3 0.0943684
0.4 0.185615
0.5 0.321361
0.6 0.486146
0.7 0.675141
0.8 0.882271
0.9 1.09318
1 1.31768
1.1 1.55462
1.2 1.80478
1.3 2.07389
1.4 2.34697
1.5 2.61953
1.6 2.88497
1.7 3.13461
1.8 3.37796
1.9 3.61526
2 3.84973
2.1 4.08535
2.2 4.31114
2.3 4.52501
2.4 4.72204
2.5 4.89795
2.6 5.06098
2.7 5.211
2.8 5.35052
2.9 5.48009
3 5.58988
3.1 5.67768
3.2 5.73909
3.3 5.77302
3.4 5.78782
3.5 5.78625
3.6 5.77477
3.7 5.75796
3.8 5.735
3.9 5.7127
4 5.69738
4.1 5.69593
4.2 5.70019
4.3 5.70933
4.4 5.72438
4.5 5.72703
4.6 5.72155
4.7 5.70898
4.8 5.69068
4.9 5.6833
5 5.68274
5.1 5.68849
5.2 5.69824
5.3 5.69777
5.4 5.6916
5.5 5.6804
5.6 5.66749
5.7 5.66509
5.8 5.66846
5.9 5.67674
6 5.68581
6.1 5.68525
6.2 5.67981
6.3 5.67042
6.4 5.66161
6.5 5.66203
6.6 5.66687
6.7 5.67502
6.8 5.68166
6.9 5.67973
7 5.67394
7.1 5.66559
7.2 5.65956
7.3 5.66151
7.4 5.66683
7.5 5.67408
7.6 5.67843
7.7 5.67546
7.8 5.66968
7.9 5.66264
8 5.65899
8.1 5.66206
8.2 5.66747
8.3 5.67359
8.4 5.67599
8.5 5.67235
8.6 5.66684
8.7 5.66118
8.8 5.65946
8.9 5.66317
9 5.66831
9.1 5.67313
9.2 5.67393
9.3 5.66991
9.4 5.66489
9.5 5.6606
9.6 5.66036
9.7 5.66435
9.8 5.66898
9.9 5.67252
10 5.6721
10.1 5.66801
10.2 5.66364
10.3 5.66066
10.4 5.66153
10.5 5.66553
10.6 5.6695
10.7 5.67186
10.8 5.67054
10.9 5.6666
11 5.66296
11.1 5.66112
11.2 5.66275
11.3 5.66654
11.4 5.66976
11.5 5.67107
11.6 5.66915
11.7 5.66551
11.8 5.66264
11.9 5.66177
12 5.66387
12.1 5.66729
12.2 5.66975
12.3 5.67019
12.4 5.66794
12.5 5.66472
12.6 5.66261
12.7 5.66253
12.8 5.66485
12.9 5.66781
13 5.66956
13.1 5.66931
13.2 5.66694
13.3 5.66422
13.4 5.6628
13.5 5.66331
13.581 5.66514
