0 0
0.1 0.00572928
0.2 0.0806914
0.3 0.286518
0.4 0.634804
0.5 1.16074
0.6 1.87264
0.7 2.70561
0.8 3.60575
0.9 4.56482
1 5.57117
1.1 6.63308
1.2 7.78634
1.3 9.02898
1.4 10.3261
1.5 11.646
1.6 12.9564
1.7 14.233
1.8 15.486
1.9 16.7437
2 18.02
2.1 19.3189
2.2 20.633
2.3 21.937
2.4 23.2116
2.5 24.4552
2.6 25.674
2.7 26.8737
2.8 28.0529
2.9 29.1904
3 30.2452
3.1 31.174
3.2 31.9428
3.3 32.5337
3.4 32.9511
3.5 33.215
3.6 33.3499
3.7 33.3806
3.8 33.3338
3.9 33.2409
4 33.145
4.1 33.0995
4.2 33.1012
4.3 33.1245
4.4 33.1715
4.5 33.1976
4.6 33.161
4.7 33.0938
4.8 33.038
4.9 33.0044
5 33.0127
5.1 33.0604
5.2 33.1004
5.3 33.1064
5.4 33.082
5.5 33.036
5.6 32.9926
5.7 32.9818
5.8 33.0052
5.9 33.04
6 33.0672
6.1 33.0702
6.2 33.0439
6.3 33.0075
6.4 32.9844
6.5 32.9849
6.6 33.0067
6.7 33.0363
6.8 33.0533
6.9 33.0468
7 33.0232
7.1 32.9967
7.2 32.9821
7.3 32.9884
7.4 33.0106
7.5 33.0338
7.6 33.045
7.7 33.0394
7.8 33.0216
7.9 33.004
8 32.998
8.1 33.0062
8.2 33.0224
8.3 33.0363
8.4 33.039
8.5 33.0289
8.6 33.0129
8.7 33.0007
8.8 32.999
8.9 33.0081
9 33.0218
9.1 33.0312
9.2 33.031
9.3 33.0222
9.4 33.0108
9.5 33.0042
9.6 33.0065
9.7 33.016
9.8 33.0268
9.9 33.0327
10 33.0308
10.1 33.0231
10.2 33.0152
10.3 33.0123
10.4 33.0161
10.5 33.0243
10.6 33.0319
10.7 33.0346
10.8 33.0313
10.9 33.0247
11 33.0192
11.1 33.0182
11.2 33.0223
11.3 33.0286
11.4 33.0333
11.5 33.0337
11.6 33.03
11.7 33.0246
11.8 33.021
11.9 33.0214
12 33.0251
12.1 33.0298
12.2 33.0325
12.3 33.0317
12.4 33.0281
12.5 33.024
12.6 33.022
12.7 33.0231
12.8 33.0264
12.9 33.0298
13 33.031
13.1 33.0296
13.2 33.0265
13.3 33.0237
13.4 33.0228
13.5 33.0242
13.6 33.0269
13.7 33.0291
13.8 33.0295
13.9 33.0279
14 33.0254
14.1 33.0235
14.2 33.0234
14.3 33.0249
14.4 33.027
14.5 33.0284
14.6 33.0282
14.7 33.0266
14.8 33.0247
14.9 33.0236
15 33.0239
15.1 33.0253
15.2 33.0269
15.3 33.0276
15.4 33.0271
15.5 33.0257
15.6 33.0244
15.7 33.0238
15.8 33.0244
15.9 33.0256
16 33.0266
16.1 33.0269
16.2 33.0262
16.3 33.0251
16.4 33.0242
16.5 33.0241
16.6 33.0247
16.7 33.0256
16.8 33.0263
16.9 33.0263
17 33.0257
17.1 33.0248
17.2 33.0243
17.3 33.0243
17.4 33.0249
17.5 33.0256
17.6 33.026
17.7 33.0259
17.8 33.0253
17.9 33.0246
18 33.0243
18.1 33.0245
18.2 33.0251
18.3 33.0256
18.4 33.0258
18.5 33.0255
18.6 33.025
18.6115 33.025
