0 0
0.1 0.0106568
0.2 0.0710239
0.3 0.18392
0.4 0.347439
0.5 0.574266
0.6 0.840378
0.7 1.13781
0.8 1.45504
0.9 1.77332
1 2.10306
1.1 2.43945
1.2 2.78406
1.3 3.14001
1.4 3.48855
1.5 3.82573
1.6 4.14159
1.7 4.4304
1.8 4.70442
1.9 4.96448
2 5.21893
2.1 5.47039
2.2 5.7094
2.3 5.9368
2.4 6.14707
2.5 6.3419
2.6 6.53063
2.7 6.71303
2.8 6.89296
2.9 7.06484
3 7.21719
3.1 7.34538
3.2 7.44137
3.3 7.50693
3.4 7.54834
3.5 7.56832
3.6 7.57454
3.7 7.56862
3.8 7.55389
3.9 7.54086
4 7.54154
4.1 7.56719
4.2 7.59268
4.3 7.61755
4.4 7.64387
4.5 7.64671
4.6 7.63731
4.7 7.6163
4.8 7.58901
4.9 7.57815
5 7.57477
5.1 7.58043
5.2 7.58801
5.3 7.58033
5.4 7.56657
5.5 7.54569
5.6 7.52693
5.7 7.52337
5.8 7.52634
5.9 7.53627
6 7.54277
6.1 7.53633
6.2 7.52494
6.3 7.50886
6.4 7.49875
6.5 7.5009
6.6 7.50791
6.7 7.51862
6.8 7.52254
6.9 7.51597
7 7.50561
7.1 7.49337
7.2 7.48904
7.3 7.49409
7.4 7.50241
7.5 7.51136
7.6 7.5121
7.7 7.50488
7.8 7.49523
7.9 7.48635
8 7.48586
8.1 7.49217
8.2 7.50023
8.3 7.50644
8.4 7.50446
8.5 7.49689
8.6 7.48833
8.7 7.4826
8.8 7.48473
8.9 7.49139
9 7.49836
9.1 7.50179
9.2 7.49792
9.3 7.49053
9.4 7.48353
9.5 7.48065
9.6 7.48445
9.7 7.49087
9.8 7.49633
9.9 7.49732
10 7.49239
10.1 7.48568
10.2 7.48051
10.3 7.48003
10.4 7.48473
10.5 7.49048
10.6 7.49425
10.7 7.49331
10.8 7.48799
10.9 7.4823
11 7.47899
11.1 7.48032
11.2 7.48526
11.3 7.49002
11.4 7.4921
11.5 7.48977
11.6 7.48458
11.7 7.4801
11.8 7.47851
11.9 7.48104
12 7.48575
12.1 7.48933
12.2 7.4899
12.3 7.48673
12.4 7.48205
12.5 7.47885
12.6 7.47872
12.7 7.48192
12.8 7.48603
12.9 7.4884
13 7.48774
13.1 7.48421
13.2 7.48029
13.3 7.47834
13.4 7.47932
13.5 7.48271
13.6 7.48604
13.7 7.48726
13.8 7.48571
13.9 7.48221
14 7.47919
14.1 7.47835
14.2 7.4801
14.3 7.48333
14.4 7.48578
14.5 7.48601
14.597 7.48401
