0 0
0.1 0.00454585
0.2 0.0529251
0.3 0.155018
0.4 0.306859
0.5 0.5353
0.6 0.808163
0.7 1.09452
0.8 1.39239
0.9 1.67349
1 1.94686
1.1 2.23924
1.2 2.54257
1.3 2.86265
1.4 3.19103
1.5 3.4911
1.6 3.7589
1.7 3.9942
1.8 4.19476
1.9 4.39045
2 4.58885
2.1 4.78072
2.2 4.96968
2.3 5.13257
2.4 5.25795
2.5 5.36053
2.6 5.43952
2.7 5.5113
2.8 5.58976
2.9 5.65833
3 5.71174
3.1 5.738
3.2 5.72091
3.3 5.67366
3.4 5.60672
3.5 5.52943
3.6 5.46042
3.7 5.39757
3.8 5.33676
3.9 5.28535
4 5.24661
4.1 5.23586
4.2 5.23879
4.3 5.24779
4.4 5.26885
4.5 5.2622
4.6 5.2287
4.7 5.18895
4.8 5.14032
4.9 5.11194
5 5.11433
5.1 5.12245
5.2 5.13419
5.3 5.13394
5.4 5.1051
5.5 5.07265
5.6 5.04624
5.7 5.0306
5.8 5.04349
5.9 5.06381
6 5.07469
6.1 5.0777
6.2 5.05784
6.3 5.03014
6.4 5.01597
6.5 5.01123
6.6 5.02518
6.7 5.04841
6.8 5.05761
6.9 5.05588
7 5.04053
7.1 5.01648
7.2 5.00598
7.3 5.00893
7.4 5.02176
7.5 5.04183
7.6 5.05024
7.7 5.0433
7.8 5.0292
7.9 5.0105
8 5.00145
8.1 5.00881
8.2 5.02197
8.3 5.03681
8.4 5.04377
8.5 5.03453
8.6 5.01999
8.7 5.00664
8.8 5.00014
8.9 5.00869
9 5.02263
9.1 5.03311
9.2 5.03711
9.3 5.02799
9.4 5.01334
9.5 5.00371
9.6 5.00089
9.7 5.00902
9.8 5.02266
9.9 5.03056
10 5.03097
10.1 5.02262
10.2 5.00923
10.3 5.00169
10.4 5.00244
10.5 5.01019
10.6 5.02209
10.7 5.0285
10.8 5.02604
10.9 5.01792
11 5.00689
11.1 5.00087
11.2 5.00395
11.3 5.01187
11.4 5.02133
11.5 5.02623
11.6 5.02225
11.7 5.01393
11.8 5.00541
11.9 5.00118
12 5.00525
12.1 5.01341
12.2 5.02065
12.3 5.02366
12.4 5.01924
12.5 5.01093
12.6 5.0044
12.7 5.00223
12.8 5.00653
12.9 5.01444
13 5.02007
13.1 5.0211
13.2 5.01663
13.3 5.00895
13.4 5.0038
13.5 5.00352
13.6 5.00792
13.7 5.01496
13.8 5.01943
13.863 5.01961
