0 0
0.1 0.00152942
0.2 0.0518033
0.3 0.217298
0.4 0.537558
0.5 1.0564
0.6 1.77277
0.7 2.61275
0.8 3.50101
0.9 4.39068
1 5.2517
1.1 6.09612
1.2 6.97082
1.3 7.90555
1.4 8.90091
1.5 9.9378
1.6 10.9731
1.7 11.9599
1.8 12.8801
1.9 13.7444
2 14.5804
2.1 15.4263
2.2 16.3108
2.3 17.2372
2.4 18.1899
2.5 19.1453
2.6 20.0803
2.7 20.9821
2.8 21.8506
2.9 22.6867
3 23.483
3.1 24.2183
3.2 24.8588
3.3 25.3663
3.4 25.7134
3.5 25.8943
3.6 25.928
3.7 25.8544
3.8 25.7255
3.9 25.5931
4 25.5035
4.1 25.4961
4.2 25.5587
4.3 25.6446
4.4 25.7205
4.5 25.7348
4.6 25.6645
4.7 25.5541
4.8 25.4565
4.9 25.4033
5 25.4155
5.1 25.4777
5.2 25.5396
5.3 25.5624
5.4 25.5339
5.5 25.4611
5.6 25.3761
5.7 25.3191
5.8 25.3078
5.9 25.3351
6 25.3787
6.1 25.4076
6.2 25.3999
6.3 25.358
6.4 25.3018
6.5 25.2566
6.6 25.2423
6.7 25.2619
6.8 25.2993
6.9 25.3309
7 25.338
7.1 25.315
7.2 25.2725
7.3 25.2312
7.4 25.2094
7.5 25.2144
7.6 25.2397
7.7 25.2694
7.8 25.2865
7.9 25.2826
8 25.2609
8.1 25.2336
8.2 25.2151
8.3 25.2142
8.4 25.2302
8.5 25.2539
8.6 25.273
8.7 25.2791
8.8 25.2707
8.9 25.2544
9 25.2401
9.1 25.2358
9.2 25.2438
9.3 25.2598
9.4 25.2757
9.5 25.284
9.6 25.2817
9.7 25.2713
9.8 25.2592
9.9 25.252
10 25.2533
10.1 25.2617
10.2 25.2726
10.3 25.2802
10.4 25.2809
10.5 25.2749
10.6 25.2658
10.7 25.2583
10.8 25.2561
10.9 25.2598
11 25.2668
11.1 25.2733
11.2 25.2759
11.3 25.2734
11.4 25.2676
11.5 25.2615
11.6 25.2584
11.7 25.2594
11.8 25.2637
11.9 25.2689
12 25.2722
12.1 25.272
12.2 25.2689
12.3 25.2645
12.4 25.2614
12.5 25.2609
12.6 25.2632
12.7 25.2668
12.8 25.2699
12.9 25.2709
13 25.2695
13.1 25.2667
13.2 25.2639
13.3 25.2627
13.4 25.2635
13.5 25.2658
13.6 25.2683
13.7 25.2696
13.8 25.2693
13.9 25.2676
14 25.2654
14.1 25.264
14.2 25.2639
14.3 25.2651
14.4 25.2669
14.5 25.2682
14.6 25.2685
14.7 25.2676
14.8 25.2661
14.9 25.2648
15 25.2643
15.1 25.2648
15.2 25.2659
15.3 25.267
15.4 25.2676
15.5 25.2673
15.6 25.2663
15.7 25.2652
15.8 25.2646
15.9 25.2646
16 25.2653
16.1 25.2661
16.2 25.2667
16.3 25.2667
16.4 25.2662
16.5 25.2654
16.6 25.2648
16.7 25.2646
16.8 25.2649
16.9 25.2655
17 25.266
17.1 25.2662
17.2 25.266
17.3 25.2654
17.4 25.2649
17.5 25.2646
17.6 25.2647
17.7 25.265
17.8 25.2654
17.9 25.2657
18 25.2656
18.1 25.2653
18.2 25.2649
18.3 25.2647
18.4 25.2646
18.5 25.2648
18.6 25.265
18.7 25.2653
18.8 25.2653
18.9 25.2652
19 25.2649
19.1 25.2647
19.2 25.2645
19.3 25.2646
19.4 25.2648
19.5 25.265
19.6 25.2651
19.7 25.265
19.799 25.2649
