0 0
0.1 0.00536807
0.2 0.0410839
0.3 0.11073
0.4 0.216147
0.5 0.37178
0.6 0.560117
0.7 0.776193
0.8 1.01311
0.9 1.25496
1 1.51217
1.1 1.78261
1.2 2.06664
1.3 2.36962
1.4 2.67472
1.5 2.97701
1.6 3.26892
1.7 3.54131
1.8 3.80423
1.9 4.0576
2 4.3049
2.1 4.54994
2.2 4.78139
2.3 4.99761
2.4 5.19412
2.5 5.36788
2.6 5.5283
2.7 5.67604
2.8 5.81403
2.9 5.94245
3 6.05099
3.1 6.13697
3.2 6.19577
3.3 6.22663
3.4 6.23812
3.5 6.23329
3.6 6.2185
3.7 6.19812
3.8 6.17156
3.9 6.14618
4 6.12975
4.1 6.12986
4.2 6.13557
4.3 6.14627
4.4 6.16259
4.5 6.16403
4.6 6.15632
4.7 6.14049
4.8 6.11891
4.9 6.1099
5 6.1083
5.1 6.11364
5.2 6.12252
5.3 6.1198
5.4 6.11101
5.5 6.09704
5.6 6.08243
5.7 6.07984
5.8 6.08365
5.9 6.0926
6 6.10138
6.1 6.09947
6.2 6.09233
6.3 6.08148
6.4 6.07246
6.5 6.07371
6.6 6.07979
6.7 6.08877
6.8 6.09501
6.9 6.09183
7 6.08456
7.1 6.07535
7.2 6.06971
7.3 6.07276
7.4 6.07928
7.5 6.08692
7.6 6.09046
7.7 6.08612
7.8 6.07901
7.9 6.0716
8 6.06869
8.1 6.07294
8.2 6.07934
8.3 6.08539
8.4 6.08675
8.5 6.08175
8.6 6.07524
8.7 6.0697
8.8 6.06895
8.9 6.07382
9 6.07966
9.1 6.08404
9.2 6.08368
9.3 6.07844
9.4 6.07279
9.5 6.06901
9.6 6.06987
9.7 6.07491
9.8 6.07989
9.9 6.0827
10 6.08106
10.1 6.07594
10.2 6.07132
10.3 6.06912
10.4 6.07111
10.5 6.07596
10.6 6.07995
10.7 6.08136
10.8 6.07889
10.9 6.07417
11 6.07064
11.1 6.06978
11.2 6.07246
11.3 6.07684
11.4 6.07978
11.5 6.08003
11.6 6.07709
11.7 6.07296
11.8 6.07048
11.9 6.07066
12 6.07366
12.1 6.07741
12.2 6.07934
12.3 6.07869
12.4 6.07561
12.5 6.07217
12.6 6.07067
12.7 6.07163
12.8 6.07466
12.9 6.07769
13 6.07872
13.1 6.07745
13.2 6.07446
13.3 6.07177
13.4 6.07112
13.5 6.07259
13.6 6.07544
13.7 6.07773
13.8 6.078
13.9 6.07634
13.9635 6.07465
