0 0
0.1 0.00139861
0.2 0.0365537
0.3 0.133429
0.4 0.304866
0.5 0.580666
0.6 0.944053
0.7 1.35409
0.8 1.79275
0.9 2.23251
1 2.66755
1.1 3.12537
1.2 3.61387
1.3 4.13485
1.4 4.68407
1.5 5.22669
1.6 5.7372
1.7 6.20908
1.8 6.63856
1.9 7.04446
2 7.44878
2.1 7.85243
2.2 8.25253
2.3 8.63576
2.4 8.98133
2.5 9.28726
2.6 9.56105
2.7 9.81291
2.8 10.0594
2.9 10.3031
3 10.5315
3.1 10.7304
3.2 10.8822
3.3 10.9773
3.4 11.0226
3.5 11.0297
3.6 11.0127
3.7 10.9852
3.8 10.9514
3.9 10.9149
4 10.8862
4.1 10.8816
4.2 10.8944
4.3 10.9181
4.4 10.9493
4.5 10.9525
4.6 10.9233
4.7 10.8803
4.8 10.8293
4.9 10.7956
5 10.7932
5.1 10.8034
5.2 10.8163
5.3 10.8177
5.4 10.7923
5.5 10.7549
5.6 10.7209
5.7 10.6988
5.8 10.7004
5.9 10.7169
6 10.7298
6.1 10.732
6.2 10.7165
6.3 10.6878
6.4 10.6638
6.5 10.6528
6.6 10.6571
6.7 10.674
6.8 10.6883
6.9 10.6899
7 10.6792
7.1 10.659
7.2 10.6412
7.3 10.6362
7.4 10.6431
7.5 10.6575
7.6 10.6703
7.7 10.672
7.8 10.6625
7.9 10.6478
8 10.6352
8.1 10.6328
8.2 10.6412
8.3 10.6541
8.4 10.6647
8.5 10.6666
8.6 10.6587
8.7 10.647
8.8 10.6382
8.9 10.637
9 10.6445
9.1 10.6554
9.2 10.663
9.3 10.6637
9.4 10.6568
9.5 10.6468
9.6 10.64
9.7 10.6397
9.8 10.6459
9.9 10.6546
10 10.6604
10.1 10.66
10.2 10.6541
10.3 10.646
10.4 10.6407
10.5 10.6411
10.6 10.6465
10.7 10.6535
10.8 10.6579
10.9 10.657
11 10.6519
11.1 10.6455
11.2 10.6415
11.3 10.6423
11.4 10.647
11.5 10.6525
11.6 10.6558
11.7 10.6548
11.8 10.6503
11.9 10.6452
12 10.6423
12.1 10.6433
12.2 10.6473
12.3 10.6518
12.4 10.6541
12.5 10.653
12.6 10.6492
12.7 10.6451
12.8 10.6431
12.9 10.6441
13 10.6475
13.1 10.6511
13.2 10.6527
13.3 10.6516
13.4 10.6484
13.5 10.6452
13.6 10.6437
13.7 10.6448
13.8 10.6477
13.9 10.6505
14 10.6516
14.1 10.6505
14.2 10.6479
14.3 10.6453
14.4 10.6443
14.5 10.6454
14.6 10.6478
14.7 10.65
14.8 10.6508
14.9 10.6497
14.9375 10.6489
