0 0
0.1 0.00185084
0.2 0.0231186
0.3 0.0708564
0.4 0.149601
0.5 0.273414
0.6 0.428875
0.7 0.607888
0.8 0.803412
0.9 1.0003
1 1.20678
1.1 1.4258
1.2 1.65882
1.3 1.91288
1.4 2.17466
1.5 2.43568
1.6 2.68907
1.7 2.92494
1.8 3.15131
1.9 3.37239
2 3.59165
2.1 3.81437
2.2 4.03101
2.3 4.2358
2.4 4.42366
2.5 4.5891
2.6 4.73902
2.7 4.87655
2.8 5.00417
2.9 5.12333
3 5.22486
3.1 5.30328
3.2 5.35386
3.3 5.37452
3.4 5.37329
3.5 5.35603
3.6 5.3297
3.7 5.29988
3.8 5.26555
3.9 5.23019
4 5.19866
4.1 5.17828
4.2 5.16555
4.3 5.15972
4.4 5.16037
4.5 5.14949
4.6 5.12861
4.7 5.09967
4.8 5.06472
4.9 5.04061
5 5.02651
5.1 5.0206
5.2 5.02063
5.3 5.0121
5.4 4.99621
5.5 4.97528
5.6 4.95233
5.7 4.93984
5.8 4.93642
5.9 4.9394
6 4.945
6.1 4.9424
6.2 4.93298
6.3 4.91937
6.4 4.90569
6.5 4.90094
6.6 4.90346
6.7 4.91041
6.8 4.91724
6.9 4.91629
7 4.90931
7.1 4.89903
7.2 4.89014
7.3 4.88898
7.4 4.89354
7.5 4.90109
7.6 4.90687
7.7 4.90554
7.8 4.89932
7.9 4.89083
8 4.88476
8.1 4.8855
8.2 4.89064
8.3 4.8976
8.4 4.90185
8.5 4.89979
8.6 4.89396
8.7 4.88689
8.8 4.88284
8.9 4.88474
9 4.88992
9.1 4.89591
9.2 4.89874
9.3 4.89608
9.4 4.89067
9.5 4.88493
9.6 4.88246
9.7 4.88509
9.8 4.89004
9.9 4.89494
10 4.89655
10.1 4.89351
10.2 4.88858
10.3 4.88406
10.4 4.88282
10.5 4.88582
10.6 4.89036
10.7 4.89418
10.8 4.89478
10.9 4.89157
11 4.88717
11.1 4.88374
11.2 4.88346
11.3 4.8866
11.4 4.89061
11.5 4.89346
11.6 4.89327
11.7 4.89007
11.8 4.88626
11.9 4.88379
12 4.88423
12.1 4.88732
12.2 4.89077
12.3 4.89276
12.4 4.89199
12.5 4.88892
12.6 4.88572
12.7 4.88406
12.8 4.88501
12.9 4.88794
13 4.89081
13.1 4.89208
13.2 4.8909
13.3 4.88805
13.4 4.88545
13.5 4.88447
13.533 4.88463
