0 0
0.1 0.00416812
0.2 0.065662
0.3 0.235354
0.4 0.523935
0.5 0.966746
0.6 1.56639
0.7 2.26244
0.8 3.01744
0.9 3.82715
1 4.68185
1.1 5.59857
1.2 6.61435
1.3 7.7232
1.4 8.89412
1.5 10.103
1.6 11.3131
1.7 12.4991
1.8 13.6742
1.9 14.8562
2 16.0511
2.1 17.2606
2.2 18.4679
2.3 19.6377
2.4 20.7451
2.5 21.7825
2.6 22.7485
2.7 23.6514
2.8 24.5001
2.9 25.2834
3 25.979
3.1 26.5653
3.2 27.0231
3.3 27.3483
3.4 27.5558
3.5 27.6682
3.6 27.7071
3.7 27.6921
3.8 27.6386
3.9 27.563
4 27.494
4.1 27.4721
4.2 27.4913
4.3 27.5316
4.4 27.5938
4.5 27.6318
4.6 27.6118
4.7 27.566
4.8 27.5235
4.9 27.4964
5 27.5095
5.1 27.5572
5.2 27.5968
5.3 27.6097
5.4 27.5964
5.5 27.5574
5.6 27.5191
5.7 27.5106
5.8 27.5292
5.9 27.5611
6 27.5911
6.1 27.5985
6.2 27.5777
6.3 27.5466
6.4 27.5239
6.5 27.5194
6.6 27.5372
6.7 27.5657
6.8 27.584
6.9 27.5835
7 27.5664
7.1 27.5419
7.2 27.5259
7.3 27.5284
7.4 27.5454
7.5 27.5658
7.6 27.578
7.7 27.5747
7.8 27.5582
7.9 27.5402
8 27.5314
8.1 27.5357
8.2 27.5505
8.3 27.5661
8.4 27.5725
8.5 27.5669
8.6 27.5535
8.7 27.5403
8.8 27.5355
8.9 27.5416
9 27.5539
9.1 27.5647
9.2 27.5678
9.3 27.5617
9.4 27.5505
9.5 27.5416
9.6 27.5401
9.7 27.5463
9.8 27.5562
9.9 27.5636
10 27.5642
10.1 27.5581
10.2 27.5494
10.3 27.5435
10.4 27.5437
10.5 27.5497
10.6 27.5573
10.7 27.5619
10.8 27.561
10.9 27.5554
11 27.5488
11.1 27.5452
11.2 27.5466
11.3 27.5518
11.4 27.5575
11.5 27.5602
11.6 27.5585
11.7 27.5537
11.8 27.5489
11.9 27.5469
12 27.5488
12.1 27.5532
12.2 27.5573
12.3 27.5586
12.4 27.5565
12.5 27.5526
12.6 27.5492
12.7 27.5484
12.8 27.5504
12.9 27.554
13 27.5568
13.1 27.5572
13.2 27.5551
13.3 27.5519
13.4 27.5497
13.5 27.5496
13.6 27.5516
13.631 27.5525
