0 0
0.1 0.00602701
0.2 0.0671738
0.3 0.206966
0.4 0.42017
0.5 0.732877
0.6 1.12293
0.7 1.54446
0.8 1.98295
0.9 2.41742
1 2.84231
1.1 3.28571
1.2 3.75353
1.3 4.23844
1.4 4.73306
1.5 5.20361
1.6 5.62886
1.7 6.01175
1.8 6.3567
1.9 6.68483
2 7.01407
2.1 7.3403
2.2 7.65429
2.3 7.94203
2.4 8.19107
2.5 8.40686
2.6 8.60442
2.7 8.79649
2.8 8.99193
2.9 9.18464
3 9.35558
3.1 9.48838
3.2 9.57205
3.3 9.60725
3.4 9.60749
3.5 9.58632
3.6 9.55327
3.7 9.51273
3.8 9.46464
3.9 9.41464
4 9.38067
4.1 9.38561
4.2 9.40893
4.3 9.43938
4.4 9.48044
4.5 9.4881
4.6 9.4548
4.7 9.40715
4.8 9.35441
4.9 9.32333
5 9.33216
5.1 9.35575
5.2 9.37609
5.3 9.37956
5.4 9.35003
5.5 9.30768
5.6 9.27615
5.7 9.26419
5.8 9.28055
5.9 9.30996
6 9.32765
6.1 9.32487
6.2 9.30031
6.3 9.26622
6.4 9.24499
6.5 9.24611
6.6 9.26546
6.7 9.29135
6.8 9.30485
6.9 9.29657
7 9.27327
7.1 9.24733
7.2 9.23424
7.3 9.24189
7.4 9.26268
7.5 9.28327
7.6 9.29086
7.7 9.27982
7.8 9.25776
7.9 9.23835
8 9.23239
8.1 9.24307
8.2 9.2628
8.3 9.27826
8.4 9.28018
8.5 9.26753
8.6 9.24806
8.7 9.23416
8.8 9.23375
8.9 9.24618
9 9.26339
9.1 9.27419
9.2 9.27196
9.3 9.25858
9.4 9.24236
9.5 9.23322
9.6 9.23642
9.7 9.24919
9.8 9.26313
9.9 9.26949
10 9.26437
10.1 9.25124
10.2 9.23838
10.3 9.23345
10.4 9.23909
10.5 9.25129
10.6 9.26208
10.7 9.26482
10.8 9.25799
10.9 9.24605
11 9.23646
11.1 9.23493
11.2 9.24195
11.3 9.25279
11.4 9.26052
11.5 9.26038
11.6 9.25269
11.7 9.24238
11.8 9.23579
11.9 9.23677
12 9.2443
12.1 9.25341
12.2 9.25835
12.3 9.25615
12.4 9.24837
12.5 9.23994
12.6 9.236
12.7 9.23873
12.8 9.24612
12.9 9.25336
13 9.25594
13.1 9.25239
13.2 9.24507
13.3 9.23859
13.4 9.23683
13.5 9.24064
13.6 9.24741
13.7 9.25279
13.724 9.25344
