0 0
0.1 0.000354927
0.2 0.0316536
0.3 0.130786
0.4 0.322293
0.5 0.635899
0.6 1.04756
0.7 1.50499
0.8 1.97018
0.9 2.40386
1 2.8023
1.1 3.19754
1.2 3.61233
1.3 4.06534
1.4 4.55351
1.5 5.03931
1.6 5.48853
1.7 5.87729
1.8 6.19791
1.9 6.47512
2 6.73971
2.1 7.01233
2.2 7.30249
2.3 7.59426
2.4 7.86109
2.5 8.08604
2.6 8.26206
2.7 8.40106
2.8 8.52726
2.9 8.65633
3 8.79232
3.1 8.92347
3.2 9.02412
3.3 9.07372
3.4 9.06465
3.5 9.00432
3.6 8.91671
3.7 8.82855
3.8 8.75945
3.9 8.72142
4 8.71804
4.1 8.75344
4.2 8.80964
4.3 8.86175
4.4 8.89478
4.5 8.87872
4.6 8.82115
4.7 8.75348
4.8 8.69512
4.9 8.67207
5 8.68724
5.1 8.7142
5.2 8.73302
5.3 8.72382
5.4 8.67995
5.5 8.62258
5.6 8.57268
5.7 8.54676
5.8 8.55306
5.9 8.57588
6 8.59431
6.1 8.59369
6.2 8.56572
6.3 8.52138
6.4 8.48078
6.5 8.45783
6.6 8.46033
6.7 8.48114
6.8 8.50185
6.9 8.50873
7 8.4947
7.1 8.46399
7.2 8.43269
7.3 8.41454
7.4 8.416
7.5 8.43469
7.6 8.45713
7.7 8.46953
7.8 8.46555
7.9 8.4464
8 8.42272
8.1 8.40769
8.2 8.40773
8.3 8.42202
8.4 8.4421
8.5 8.45574
8.6 8.45601
8.7 8.44329
8.8 8.42435
8.9 8.40997
9 8.40749
9.1 8.41702
9.2 8.43295
9.3 8.44598
9.4 8.44869
9.5 8.44024
9.6 8.42544
9.7 8.41229
9.8 8.40792
9.9 8.41393
10 8.42629
10.1 8.43797
10.2 8.44239
10.3 8.4373
10.4 8.42592
10.5 8.41452
10.6 8.4091
10.7 8.4123
10.8 8.42172
10.9 8.43179
11 8.43697
11.1 8.4345
11.2 8.42598
11.3 8.41629
11.4 8.4106
11.5 8.41168
11.6 8.41856
11.7 8.42708
11.8 8.43242
11.9 8.43179
12 8.42573
12.1 8.41768
12.2 8.4121
12.3 8.41178
12.4 8.41654
12.5 8.42352
12.6 8.42871
12.7 8.4293
12.8 8.42518
12.9 8.41873
13 8.4135
13.1 8.41225
13.2 8.41537
13.3 8.42089
13.4 8.42567
13.5 8.42707
13.6 8.42444
13.7 8.4194
13.8 8.41473
13.9 8.4129
14 8.41475
14.1 8.41902
14.2 8.42323
14.3 8.42508
14.4 8.42362
14.5 8.41977
14.6 8.41573
14.6095 8.41544
