0 0
0.1 0.00208667
0.2 0.0537218
0.3 0.215752
0.4 0.520755
0.5 1.01438
0.6 1.70477
0.7 2.53351
0.8 3.45213
0.9 4.44014
1 5.47977
1.1 6.58606
1.2 7.79883
1.3 9.12695
1.4 10.5517
1.5 12.0476
1.6 13.5716
1.7 15.0836
1.8 16.5764
1.9 18.0603
2 19.5452
2.1 21.0422
2.2 22.5482
2.3 24.0352
2.4 25.4711
2.5 26.8316
2.6 28.0994
2.7 29.2706
2.8 30.3527
2.9 31.3465
3 32.2417
3.1 33.0217
3.2 33.6647
3.3 34.1521
3.4 34.482
3.5 34.6685
3.6 34.7361
3.7 34.7175
3.8 34.6467
3.9 34.5547
4 34.4753
4.1 34.4488
4.2 34.4739
4.3 34.525
4.4 34.5906
4.5 34.6259
4.6 34.601
4.7 34.5465
4.8 34.4945
4.9 34.4619
5 34.4719
5.1 34.5192
5.2 34.5667
5.3 34.5919
5.4 34.5892
5.5 34.5585
5.6 34.5203
5.7 34.5022
5.8 34.5103
5.9 34.5366
6 34.5691
6.1 34.5885
6.2 34.5829
6.3 34.5599
6.4 34.5337
6.5 34.5165
6.6 34.5174
6.7 34.535
6.8 34.5556
6.9 34.5676
7 34.5661
7.1 34.5518
7.2 34.5335
7.3 34.5227
7.4 34.5243
7.5 34.5359
7.6 34.5512
7.7 34.5617
7.8 34.5616
7.9 34.5529
8 34.5414
8.1 34.5334
8.2 34.5334
8.3 34.5408
8.4 34.5504
8.5 34.5567
8.6 34.5566
8.7 34.5503
8.8 34.5416
8.9 34.5357
9 34.5353
9.1 34.5399
9.2 34.5469
9.3 34.552
9.4 34.5526
9.5 34.5491
9.6 34.5439
9.7 34.5401
9.8 34.5399
9.9 34.5431
10 34.5478
10.1 34.5513
10.2 34.5518
10.3 34.5492
10.4 34.5453
10.5 34.5422
10.6 34.5415
10.7 34.5432
10.8 34.5461
10.9 34.5484
11 34.5488
11.1 34.5473
11.2 34.5448
11.3 34.5429
11.4 34.5425
11.5 34.5438
11.6 34.5461
11.7 34.5479
11.8 34.5484
11.9 34.5475
12 34.5459
12.1 34.5445
12.2 34.544
12.3 34.5447
12.4 34.546
12.5 34.5471
12.6 34.5474
12.7 34.5467
12.8 34.5455
12.9 34.5444
13 34.544
13.1 34.5445
13.2 34.5455
13.3 34.5464
13.4 34.5467
13.5 34.5464
13.6 34.5457
13.7 34.5451
13.8 34.5449
13.8475 34.545
