0 0
0.1 0.00574366
0.2 0.0606837
0.3 0.174144
0.4 0.339404
0.5 0.58433
0.6 0.876275
0.7 1.1813
0.8 1.49894
0.9 1.80306
1 2.09875
1.1 2.41607
1.2 2.74605
1.3 3.08824
1.4 3.43919
1.5 3.75875
1.6 4.04203
1.7 4.29573
1.8 4.51299
1.9 4.72479
2 4.94028
2.1 5.1443
2.2 5.34172
2.3 5.51174
2.4 5.64145
2.5 5.74898
2.6 5.83726
2.7 5.91783
2.8 6.00553
2.9 6.08429
3 6.14186
3.1 6.17251
3.2 6.16105
3.3 6.11727
3.4 6.05951
3.5 5.99136
3.6 5.92804
3.7 5.87202
3.8 5.81329
3.9 5.76356
4 5.73269
4.1 5.73251
4.2 5.74799
4.3 5.77056
4.4 5.80199
4.5 5.80248
4.6 5.77283
4.7 5.73505
4.8 5.69129
4.9 5.66913
5 5.6793
5.1 5.69531
5.2 5.71001
5.3 5.71041
5.4 5.68017
5.5 5.64584
5.6 5.6217
5.7 5.6102
5.8 5.62755
5.9 5.65154
6 5.66171
6.1 5.66067
6.2 5.63742
6.3 5.60729
6.4 5.59394
6.5 5.59441
6.6 5.61126
6.7 5.63555
6.8 5.6436
6.9 5.63545
7 5.61688
7.1 5.59257
7.2 5.58314
7.3 5.59234
7.4 5.60829
7.5 5.62734
7.6 5.63383
7.7 5.62103
7.8 5.60349
7.9 5.58649
8 5.5803
8.1 5.59255
8.2 5.60923
8.3 5.62189
8.4 5.62486
8.5 5.61171
8.6 5.59383
8.7 5.58284
8.8 5.58133
8.9 5.59302
9 5.6097
9.1 5.61784
9.2 5.61613
9.3 5.60424
9.4 5.58779
9.5 5.58043
9.6 5.58362
9.7 5.59448
9.8 5.60876
9.9 5.61433
10 5.60884
10.1 5.59753
10.2 5.58459
10.3 5.57959
10.4 5.58576
10.5 5.59662
10.6 5.60712
10.7 5.61056
10.8 5.60329
10.9 5.59201
11 5.58296
11.1 5.58043
11.2 5.58763
11.3 5.59843
11.4 5.60558
11.5 5.60642
11.6 5.59889
11.7 5.58816
11.8 5.58198
11.9 5.58226
12 5.58943
12.1 5.59925
12.2 5.60417
12.3 5.60236
12.4 5.59507
12.5 5.58591
12.6 5.58164
12.7 5.5843
12.8 5.59131
12.9 5.59926
13 5.60253
13.1 5.59891
13.2 5.59178
13.3 5.58473
13.4 5.58212
13.5 5.5861
13.6 5.59301
13.7 5.5989
13.8 5.6005
13.9 5.59612
13.925 5.59445
