0 0
0.1 0.00691225
0.2 0.0745177
0.3 0.227194
0.4 0.459381
0.5 0.804885
0.6 1.24715
0.7 1.74035
0.8 2.2798
0.9 2.85281
1 3.44841
1.1 4.09953
1.2 4.81057
1.3 5.56235
1.4 6.35164
1.5 7.14483
1.6 7.91689
1.7 8.67716
1.8 9.42833
1.9 10.1793
2 10.9439
2.1 11.7086
2.2 12.4516
2.3 13.1625
2.4 13.8261
2.5 14.442
2.6 15.0267
2.7 15.5811
2.8 16.1026
2.9 16.5819
3 16.995
3.1 17.3272
3.2 17.577
3.3 17.7485
3.4 17.8563
3.5 17.9166
3.6 17.9343
3.7 17.9139
3.8 17.8635
3.9 17.7953
4 17.739
4.1 17.7281
4.2 17.74
4.3 17.7628
4.4 17.801
4.5 17.8041
4.6 17.7647
4.7 17.7201
4.8 17.6768
4.9 17.6575
5 17.6842
5.1 17.7199
5.2 17.7425
5.3 17.7487
5.4 17.7208
5.5 17.6841
5.6 17.6692
5.7 17.6749
5.8 17.7029
5.9 17.7387
6 17.7519
6.1 17.7392
6.2 17.713
6.3 17.683
6.4 17.6724
6.5 17.6885
6.6 17.7131
6.7 17.7343
6.8 17.7383
6.9 17.7186
7 17.6921
7.1 17.6753
7.2 17.6754
7.3 17.6945
7.4 17.7194
7.5 17.7315
7.6 17.7266
7.7 17.7079
7.8 17.6861
7.9 17.6778
8 17.6867
8.1 17.7054
8.2 17.7234
8.3 17.7282
8.4 17.7165
8.5 17.6978
8.6 17.6833
8.7 17.6814
8.8 17.694
8.9 17.7116
9 17.7224
9.1 17.721
9.2 17.7078
9.3 17.6919
9.4 17.6842
9.5 17.6886
9.6 17.702
9.7 17.7161
9.8 17.7212
9.9 17.7147
10 17.7016
10.1 17.69
10.2 17.6873
10.3 17.6953
10.4 17.7078
10.5 17.717
10.6 17.7173
10.7 17.7084
10.8 17.6967
10.9 17.6898
11 17.6915
11.1 17.7007
11.2 17.7112
11.3 17.7161
11.4 17.7126
11.5 17.7034
11.6 17.6944
11.7 17.6914
11.8 17.6962
11.9 17.7052
12 17.7126
12.1 17.7139
12.2 17.7082
12.3 17.6997
12.4 17.6938
12.5 17.6941
12.6 17.7003
12.7 17.7081
12.8 17.7124
12.9 17.7108
13 17.7045
13.1 17.6976
13.2 17.6946
13.3 17.6973
13.4 17.7036
13.5 17.7095
13.6 17.7112
13.7 17.7077
13.8 17.7016
13.9 17.6968
14 17.6963
14.055 17.698
