0 0
0.1 0.00659285
0.2 0.0772367
0.3 0.247389
0.4 0.514318
0.5 0.912653
0.6 1.43322
0.7 2.01951
0.8 2.65379
0.9 3.32632
1 4.01867
1.1 4.75812
1.2 5.5618
1.3 6.40698
1.4 7.28131
1.5 8.15766
1.6 9.00085
1.7 9.81152
1.8 10.6043
1.9 11.3881
2 12.1781
2.1 12.9758
2.2 13.7582
2.3 14.5116
2.4 15.2305
2.5 15.9127
2.6 16.5745
2.7 17.2289
2.8 17.8712
2.9 18.487
3 19.0522
3.1 19.5377
3.2 19.9284
3.3 20.2247
3.4 20.4319
3.5 20.5632
3.6 20.6296
3.7 20.6358
3.8 20.5925
3.9 20.5205
4 20.4529
4.1 20.4301
4.2 20.4384
4.3 20.46
4.4 20.5
4.5 20.5096
4.6 20.4675
4.7 20.4138
4.8 20.3659
4.9 20.3386
5 20.3597
5.1 20.4011
5.2 20.4253
5.3 20.4283
5.4 20.3998
5.5 20.3525
5.6 20.3244
5.7 20.3264
5.8 20.3504
5.9 20.386
6 20.4067
6.1 20.395
6.2 20.3653
6.3 20.334
6.4 20.3171
6.5 20.329
6.6 20.3585
6.7 20.3837
6.8 20.3919
6.9 20.3776
7 20.3484
7.1 20.3258
7.2 20.323
7.3 20.3386
7.4 20.364
7.5 20.3819
7.6 20.3798
7.7 20.3615
7.8 20.3387
7.9 20.325
8 20.3298
8.1 20.3492
8.2 20.3696
8.3 20.3792
8.4 20.3724
8.5 20.3536
8.6 20.3359
8.7 20.3303
8.8 20.339
8.9 20.3563
9 20.3708
9.1 20.3729
9.2 20.3622
9.3 20.3459
9.4 20.3341
9.5 20.3344
9.6 20.3461
9.7 20.361
9.8 20.3699
9.9 20.3677
10 20.356
10.1 20.343
10.2 20.3371
10.3 20.3415
10.4 20.3533
10.5 20.3648
10.6 20.3688
10.7 20.3632
10.8 20.3522
10.9 20.3428
11 20.3411
11.1 20.3477
11.2 20.3582
11.3 20.3657
11.4 20.3658
11.5 20.3587
11.6 20.3492
11.7 20.3434
11.8 20.3448
11.9 20.3522
12 20.3606
12.1 20.3647
12.2 20.3621
12.3 20.3548
12.4 20.3475
12.5 20.3449
12.6 20.3483
12.7 20.3554
12.8 20.3614
12.9 20.3627
13 20.3586
13.1 20.352
13.2 20.3471
13.3 20.3469
13.4 20.3513
13.5 20.3573
13.6 20.3611
13.7 20.3603
13.8 20.3557
13.9 20.3502
14 20.3475
14.1 20.349
14.2 20.3536
14.3 20.3583
14.4 20.36
14.5 20.3579
14.6 20.3534
14.7 20.3495
14.8 20.3485
14.9 20.351
15 20.3552
15.1 20.3584
15.2 20.3586
15.3 20.3558
15.4 20.3519
15.5 20.3494
15.6 20.3498
15.7 20.3527
15.8 20.3561
15.9 20.3579
16 20.357
16.1 20.3541
16.2 20.3511
16.3 20.3499
16.4 20.3512
16.5 20.354
16.6 20.3565
16.7 20.3572
16.8 20.3556
16.9 20.3529
17 20.3509
17.1 20.3507
17.2 20.3524
17.3 20.3549
17.4 20.3565
17.5 20.3563
17.5215 20.356
