0 0
0.1 0.0111113
0.2 0.113833
0.3 0.345314
0.4 0.695442
0.5 1.20064
0.6 1.84723
0.7 2.57052
0.8 3.35509
0.9 4.18456
1 5.03735
1.1 5.94681
1.2 6.9163
1.3 7.92514
1.4 8.9584
1.5 9.98283
1.6 10.969
1.7 11.9245
1.8 12.8635
1.9 13.7983
2 14.748
2.1 15.7042
2.2 16.6494
2.3 17.5747
2.4 18.4761
2.5 19.3612
2.6 20.2478
2.7 21.1406
2.8 22.026
2.9 22.8787
3 23.6596
3.1 24.3357
3.2 24.8898
3.3 25.3173
3.4 25.6245
3.5 25.8225
3.6 25.9199
3.7 25.9275
3.8 25.8669
3.9 25.7725
4 25.6954
4.1 25.6855
4.2 25.7081
4.3 25.7388
4.4 25.7847
4.5 25.7896
4.6 25.7371
4.7 25.6809
4.8 25.6347
4.9 25.6171
5 25.6529
5.1 25.6953
5.2 25.7134
5.3 25.7031
5.4 25.6586
5.5 25.607
5.6 25.5871
5.7 25.5993
5.8 25.6315
5.9 25.6658
6 25.6693
6.1 25.6411
6.2 25.6017
6.3 25.5708
6.4 25.5677
6.5 25.5942
6.6 25.6266
6.7 25.6436
6.8 25.6357
6.9 25.605
7 25.5736
7.1 25.5619
7.2 25.5745
7.3 25.6027
7.4 25.6276
7.5 25.6314
7.6 25.613
7.7 25.5855
7.8 25.5656
7.9 25.5665
8 25.5863
8.1 25.6104
8.2 25.6231
8.3 25.6168
8.4 25.5959
8.5 25.5756
8.6 25.5695
8.7 25.5811
8.8 25.6031
8.9 25.621
9 25.6238
9.1 25.6108
9.2 25.5914
9.3 25.5787
9.4 25.5809
9.5 25.596
9.6 25.6133
9.7 25.6217
9.8 25.6158
9.9 25.6
10 25.585
10.1 25.5804
10.2 25.5887
10.3 25.6039
10.4 25.6157
10.5 25.6165
10.6 25.6063
10.7 25.5921
10.8 25.5835
10.9 25.5858
11 25.5971
11.1 25.6096
11.2 25.6153
11.3 25.6106
11.4 25.5992
11.5 25.5889
11.6 25.5863
11.7 25.593
11.8 25.6041
11.9 25.6124
12 25.6125
12.1 25.6048
12.2 25.5947
12.3 25.589
12.4 25.5912
12.5 25.5996
12.6 25.6085
12.7 25.6121
12.8 25.6083
12.9 25.5999
13 25.5927
13.1 25.5913
13.2 25.5964
13.3 25.6044
13.4 25.61
13.5 25.6097
13.6 25.6039
13.7 25.5966
13.8 25.5928
13.9 25.5947
14 25.6009
14.1 25.6071
14.2 25.6094
14.3 25.6063
14.4 25.6002
14.5 25.5952
14.6 25.5944
14.7 25.5983
14.8 25.6041
14.9 25.6079
15 25.6073
15.1 25.603
15.2 25.5978
15.3 25.5952
15.4 25.5968
15.5 25.6013
15.6 25.6057
15.7 25.6071
15.8 25.6047
15.9 25.6002
16 25.5967
16.1 25.5964
16.2 25.5993
16.3 25.6034
16.4 25.606
16.5 25.6054
16.6 25.6021
16.7 25.5984
16.8 25.5967
16.9 25.598
17 25.6014
17.1 25.6044
17.2 25.6052
17.3 25.6034
17.4 25.6001
17.5 25.5977
17.6 25.5976
17.7 25.5998
17.8 25.6028
17.9 25.6045
18 25.6039
18.1 25.6015
18.2 25.5989
18.3 25.5978
18.4 25.5988
18.5 25.6013
18.6 25.6034
18.7 25.6039
18.8 25.6024
18.9 25.6001
19 25.5984
19.1 25.5985
19.2 25.6001
19.3 25.6022
19.4 25.6034
19.5 25.6029
19.6 25.6011
19.7 25.5992
19.8 25.5985
19.9 25.5994
20 25.6012
20.1 25.6026
20.2 25.6029
20.3 25.6018
20.4 25.6001
20.5 25.5989
20.6 25.599
20.6815 25.6
