0 0
0.1 0.00308315
0.2 0.0337699
0.3 0.100748
0.4 0.207937
0.5 0.373788
0.6 0.580209
0.7 0.815057
0.8 1.07095
0.9 1.32726
1 1.59362
1.1 1.87537
1.2 2.1711
1.3 2.48989
1.4 2.81513
1.5 3.13293
1.6 3.43763
1.7 3.71588
1.8 3.97684
1.9 4.22915
2 4.47359
2.1 4.71784
2.2 4.95149
2.3 5.1645
2.4 5.35547
2.5 5.51801
2.6 5.66083
2.7 5.79275
2.8 5.91367
2.9 6.02684
3 6.12262
3.1 6.19081
3.2 6.23004
3.3 6.23726
3.4 6.22105
3.5 6.19205
3.6 6.15408
3.7 6.11384
3.8 6.07095
3.9 6.02597
4 5.98932
4.1 5.96952
4.2 5.95814
4.3 5.95724
4.4 5.96371
4.5 5.95394
4.6 5.93206
4.7 5.89921
4.8 5.85979
4.9 5.83556
5 5.8239
5.1 5.82248
5.2 5.82728
5.3 5.81965
5.4 5.80212
5.5 5.77867
5.6 5.75345
5.7 5.74258
5.8 5.74364
5.9 5.75143
6 5.76157
6.1 5.75998
6.2 5.74878
6.3 5.7337
6.4 5.71891
6.5 5.71623
6.6 5.72338
6.7 5.73397
6.8 5.74372
6.9 5.74256
7 5.73272
7.1 5.72084
7.2 5.71101
7.3 5.71159
7.4 5.72016
7.5 5.72993
7.6 5.73696
7.7 5.7344
7.8 5.72478
7.9 5.71486
8 5.70835
8.1 5.71075
8.2 5.71939
8.3 5.72763
8.4 5.73204
8.5 5.72831
8.6 5.71922
8.7 5.71118
8.8 5.70734
8.9 5.71096
9 5.71916
9.1 5.72582
9.2 5.7281
9.3 5.72365
9.4 5.71541
9.5 5.70918
9.6 5.70746
9.7 5.71182
9.8 5.71928
9.9 5.72439
10 5.72498
10.1 5.72017
10.2 5.71297
10.3 5.70841
10.4 5.70833
10.5 5.71302
10.6 5.71949
10.7 5.72312
10.8 5.7224
10.9 5.71752
11 5.71142
11.1 5.70832
11.2 5.70941
11.3 5.71409
11.4 5.71949
11.5 5.72182
11.6 5.72017
11.7 5.71547
11.8 5.7105
11.9 5.70865
12 5.71053
12.1 5.71498
12.2 5.71931
12.3 5.72053
12.4 5.71828
12.5 5.71394
12.6 5.71006
12.7 5.70924
12.8 5.71162
12.9 5.71566
13 5.71897
13.1 5.71929
13.2 5.71672
13.3 5.71286
13.4 5.70998
13.5 5.70999
13.6 5.7126
13.7 5.71613
13.8 5.71851
13.846 5.71871
