0 0
0.1 0.000555626
0.2 0.0432192
0.3 0.182097
0.4 0.450689
0.5 0.887059
0.6 1.46945
0.7 2.11828
0.8 2.77636
0.9 3.39961
1 3.96364
1.1 4.50751
1.2 5.08064
1.3 5.7012
1.4 6.37866
1.5 7.0861
1.6 7.7591
1.7 8.35851
1.8 8.87294
1.9 9.30827
2 9.71051
2.1 10.1299
2.2 10.5819
2.3 11.0661
2.4 11.5603
2.5 12.0195
2.6 12.4203
2.7 12.7658
2.8 13.0679
2.9 13.3556
3 13.6527
3.1 13.9496
3.2 14.2201
3.3 14.431
3.4 14.545
3.5 14.5519
3.6 14.4736
3.7 14.346
3.8 14.2168
3.9 14.1316
4 14.1138
4.1 14.1759
4.2 14.2864
4.3 14.3871
4.4 14.4401
4.5 14.405
4.6 14.2899
4.7 14.1615
4.8 14.0707
4.9 14.0478
5 14.1035
5.1 14.1924
5.2 14.2534
5.3 14.2575
5.4 14.1934
5.5 14.0829
5.6 13.9846
5.7 13.9384
5.8 13.9527
5.9 14.0165
6 14.0861
6.1 14.1134
6.2 14.0854
6.3 14.0119
6.4 13.9219
6.5 13.8613
6.6 13.8542
6.7 13.8927
6.8 13.954
6.9 14.0014
7 14.0036
7.1 13.9614
7.2 13.8965
7.3 13.8379
7.4 13.8162
7.5 13.8405
7.6 13.8926
7.7 13.9456
7.8 13.9728
7.9 13.9584
8 13.9129
8.1 13.8621
8.2 13.83
8.3 13.8336
8.4 13.8703
8.5 13.918
8.6 13.9526
8.7 13.9577
8.8 13.9303
8.9 13.8863
9 13.8499
9.1 13.8377
9.2 13.8554
9.3 13.8931
9.4 13.9292
9.5 13.9453
9.6 13.9346
9.7 13.9026
9.8 13.8664
9.9 13.8455
10 13.8488
10.1 13.8736
10.2 13.9067
10.3 13.9298
10.4 13.9314
10.5 13.912
10.6 13.8818
10.7 13.8566
10.8 13.8495
10.9 13.8628
11 13.8886
11.1 13.9136
11.2 13.9244
11.3 13.9159
11.4 13.8937
11.5 13.8693
11.6 13.8552
11.7 13.8586
11.8 13.8765
11.9 13.899
12 13.9146
12.1 13.9154
12.2 13.9013
12.3 13.8805
12.4 13.8637
12.5 13.8592
12.6 13.869
12.7 13.8873
12.8 13.904
12.9 13.911
13 13.9048
13.1 13.889
13.2 13.8723
13.3 13.8632
13.4 13.8659
13.5 13.8785
13.6 13.8942
13.7 13.9045
13.8 13.9045
13.9 13.8946
14 13.88
14.1 13.8687
14.2 13.8662
14.3 13.8732
14.4 13.8859
14.5 13.8974
14.6 13.9018
14.7 13.8971
14.8 13.8861
14.9 13.8746
15 13.8687
15.1 13.871
15.2 13.8799
15.3 13.8906
15.4 13.8976
15.5 13.8972
15.6 13.89
15.7 13.8801
15.8 13.8724
15.9 13.871
16 13.8762
16.1 13.885
16.2 13.8927
16.3 13.8955
16.4 13.892
16.5 13.8843
16.6 13.8765
16.7 13.8726
16.8 13.8744
16.9 13.8808
17 13.8882
17.1 13.8927
17.2 13.8923
17.3 13.8872
17.4 13.8802
17.5 13.8752
17.6 13.8744
17.7 13.8781
17.7015 13.8782
