0 0
0.1 0.00180874
0.2 0.0529416
0.3 0.219165
0.4 0.541394
0.5 1.07111
0.6 1.82202
0.7 2.73874
0.8 3.76825
0.9 4.88393
1 6.0631
1.1 7.31463
1.2 8.67665
1.3 10.1629
1.4 11.7585
1.5 13.4402
1.6 15.1662
1.7 16.8916
1.8 18.6007
1.9 20.2982
2 21.9917
2.1 23.6931
2.2 25.405
2.3 27.1065
2.4 28.7675
2.5 30.3623
2.6 31.8689
2.7 33.2758
2.8 34.5836
2.9 35.7907
3 36.886
3.1 37.8522
3.2 38.6666
3.3 39.3072
3.4 39.7651
3.5 40.0482
3.6 40.1784
3.7 40.1886
3.8 40.1186
3.9 40.0089
4 39.9029
4.1 39.8493
4.2 39.8546
4.3 39.8937
4.4 39.9505
4.5 39.9784
4.6 39.9447
4.7 39.8779
4.8 39.8132
4.9 39.771
5 39.7744
5.1 39.8204
5.2 39.872
5.3 39.9021
5.4 39.9027
5.5 39.8723
5.6 39.8292
5.7 39.8021
5.8 39.8017
5.9 39.8221
6 39.8528
6.1 39.8755
6.2 39.8757
6.3 39.857
6.4 39.8319
6.5 39.8121
6.6 39.8078
6.7 39.8203
6.8 39.839
6.9 39.8517
7 39.852
7.1 39.8396
7.2 39.8216
7.3 39.8094
7.4 39.8096
7.5 39.8212
7.6 39.8382
7.7 39.8519
7.8 39.8556
7.9 39.8489
8 39.8372
8.1 39.8272
8.2 39.824
8.3 39.8288
8.4 39.838
8.5 39.8458
8.6 39.8484
8.7 39.8446
8.8 39.8369
8.9 39.8298
9 39.8269
9.1 39.8291
9.2 39.8345
9.3 39.84
9.4 39.8423
9.5 39.8405
9.6 39.8361
9.7 39.8315
9.8 39.8293
9.9 39.8304
10 39.8338
10.1 39.8374
10.2 39.8393
10.3 39.8388
10.4 39.8362
10.5 39.8333
10.6 39.8317
10.7 39.832
10.8 39.834
10.9 39.8364
11 39.8378
11.1 39.8377
11.2 39.8362
11.3 39.8344
11.4 39.8331
11.5 39.8332
11.6 39.8343
11.7 39.8358
11.8 39.8368
11.9 39.8369
12 39.8361
12.1 39.835
12.2 39.8341
12.3 39.834
12.4 39.8346
12.5 39.8356
12.6 39.8363
12.7 39.8365
12.8 39.836
12.9 39.8353
13 39.8347
13.1 39.8346
13.2 39.8349
13.3 39.8355
13.4 39.836
13.5 39.8362
13.6 39.836
13.7 39.8355
13.8 39.8351
13.9 39.835
14 39.8351
14.0935 39.8355
