0 0
0.1 0.00159553
0.2 0.0383162
0.3 0.138105
0.4 0.312962
0.5 0.593146
0.6 0.960933
0.7 1.37452
0.8 1.81604
0.9 2.25694
1 2.69152
1.1 3.14774
1.2 3.63264
1.3 4.14818
1.4 4.68978
1.5 5.22152
1.6 5.71855
1.7 6.17458
1.8 6.58596
1.9 6.97287
2 7.35721
2.1 7.73946
2.2 8.11708
2.3 8.47599
2.4 8.79554
2.5 9.07499
2.6 9.32207
2.7 9.54781
2.8 9.76942
2.9 9.98856
3 10.1926
3.1 10.3677
3.2 10.4959
3.3 10.569
3.4 10.5954
3.5 10.587
3.6 10.5587
3.7 10.5235
3.8 10.4842
3.9 10.4445
4 10.4145
4.1 10.4101
4.2 10.4244
4.3 10.4501
4.4 10.4836
4.5 10.488
4.6 10.4583
4.7 10.4135
4.8 10.3593
4.9 10.3224
5 10.3173
5.1 10.3252
5.2 10.3362
5.3 10.3353
5.4 10.3069
5.5 10.2665
5.6 10.2297
5.7 10.2054
5.8 10.2062
5.9 10.2221
6 10.2345
6.1 10.2358
6.2 10.2188
6.3 10.1885
6.4 10.1637
6.5 10.1525
6.6 10.1575
6.7 10.1753
6.8 10.1898
6.9 10.1912
7 10.1796
7.1 10.1584
7.2 10.1405
7.3 10.1361
7.4 10.1442
7.5 10.1598
7.6 10.1732
7.7 10.1744
7.8 10.164
7.9 10.1483
8 10.1351
8.1 10.1331
8.2 10.1422
8.3 10.1557
8.4 10.1663
8.5 10.1674
8.6 10.1585
8.7 10.146
8.8 10.137
8.9 10.1364
9 10.1449
9.1 10.1564
9.2 10.1641
9.3 10.1641
9.4 10.1562
9.5 10.1457
9.6 10.139
9.7 10.1393
9.8 10.1464
9.9 10.1557
10 10.1612
10.1 10.1602
10.2 10.1533
10.3 10.1447
10.4 10.1397
10.5 10.1408
10.6 10.1469
10.7 10.1543
10.8 10.1584
10.9 10.1568
11 10.1509
11.1 10.1441
11.2 10.1404
11.3 10.1419
11.4 10.1472
11.5 10.1531
11.6 10.156
11.7 10.1543
11.8 10.1491
11.9 10.1438
12 10.1412
12.1 10.1428
12.2 10.1474
12.3 10.1521
12.4 10.154
12.5 10.1523
12.6 10.1479
12.7 10.1437
12.8 10.142
12.9 10.1437
13 10.1475
13.1 10.1512
13.2 10.1525
13.3 10.1507
13.4 10.1471
13.5 10.1437
13.6 10.1427
13.7 10.1443
13.8 10.1476
13.9 10.1504
14 10.1512
14.1 10.1495
14.2 10.1465
14.3 10.1439
14.4 10.1433
14.5 10.1449
14.6 10.1476
14.7 10.1498
14.8 10.1502
14.9 10.1486
15 10.1461
15.1 10.1441
15.2 10.1439
15.3 10.1453
15.327 10.1459
