0 0
0.1 0.00728942
0.2 0.0705248
0.3 0.203266
0.4 0.398513
0.5 0.681192
0.6 1.0233
0.7 1.39123
0.8 1.77658
0.9 2.15532
1 2.52986
1.1 2.92316
1.2 3.33116
1.3 3.75388
1.4 4.18144
1.5 4.58047
1.6 4.94352
1.7 5.2688
1.8 5.55928
1.9 5.83946
2 6.11563
2.1 6.38434
2.2 6.64124
2.3 6.86826
2.4 7.06003
2.5 7.22443
2.6 7.36981
2.7 7.51069
2.8 7.65301
2.9 7.78666
3 7.89968
3.1 7.97801
3.2 8.01304
3.3 8.01204
3.4 7.98597
3.5 7.94674
3.6 7.90462
3.7 7.85984
3.8 7.81297
3.9 7.7709
4 7.74803
4.1 7.76409
4.2 7.79318
4.3 7.82707
4.4 7.86995
4.5 7.87867
4.6 7.85452
4.7 7.81849
4.8 7.77473
4.9 7.75344
5 7.7643
5.1 7.7827
5.2 7.8013
5.3 7.80158
5.4 7.77197
5.5 7.73772
5.6 7.71007
5.7 7.70069
5.8 7.71875
5.9 7.74172
6 7.75507
6.1 7.75146
6.2 7.72582
6.3 7.69687
6.4 7.681
6.5 7.68263
6.6 7.70235
6.7 7.72474
6.8 7.73284
6.9 7.72417
7 7.70172
7.1 7.67862
7.2 7.67077
7.3 7.67945
7.4 7.69882
7.5 7.71705
7.6 7.72026
7.7 7.70793
7.8 7.68783
7.9 7.671
8 7.66883
8.1 7.68115
8.2 7.69895
8.3 7.71169
8.4 7.7105
8.5 7.69626
8.6 7.67865
8.7 7.66763
8.8 7.66983
8.9 7.68349
9 7.6988
9.1 7.70641
9.2 7.70165
9.3 7.68722
9.4 7.67271
9.5 7.66672
9.6 7.67228
9.7 7.68575
9.8 7.69798
9.9 7.70126
10 7.69391
10.1 7.6804
10.2 7.6693
10.3 7.66734
10.4 7.67505
10.5 7.68732
10.6 7.69621
10.7 7.69603
10.8 7.68725
10.9 7.6754
11 7.66778
11.1 7.66898
11.2 7.67774
11.3 7.68825
11.4 7.69389
11.5 7.69112
11.6 7.68191
11.7 7.67213
11.8 7.6677
11.9 7.67117
12 7.68
12.1 7.6884
12.2 7.69113
12.3 7.68658
12.4 7.67773
12.5 7.6702
12.6 7.66851
12.7 7.67343
12.8 7.68164
12.9 7.68783
13 7.68816
13.1 7.68259
13.2 7.67469
13.3 7.66941
13.4 7.66989
13.5 7.67555
13.6 7.68267
13.7 7.68671
13.8 7.68521
13.9 7.67927
13.9735 7.67425
