0 0
0.1 0.00364824
0.2 0.0375197
0.3 0.110776
0.4 0.226918
0.5 0.404927
0.6 0.625753
0.7 0.875961
0.8 1.1472
0.9 1.41732
1 1.69511
1.1 1.98574
1.2 2.28752
1.3 2.60953
1.4 2.93514
1.5 3.25001
1.6 3.54822
1.7 3.81658
1.8 4.06428
1.9 4.30075
2 4.52774
2.1 4.75323
2.2 4.96773
2.3 5.16145
2.4 5.33296
2.5 5.47674
2.6 5.60143
2.7 5.71629
2.8 5.82177
2.9 5.92041
3 6.00274
3.1 6.05814
3.2 6.08444
3.3 6.07911
3.4 6.05016
3.5 6.00825
3.6 5.95777
3.7 5.90496
3.8 5.85039
3.9 5.7955
4 5.75134
4.1 5.72774
4.2 5.71446
4.3 5.713
4.4 5.72065
4.5 5.71168
4.6 5.69025
4.7 5.65765
4.8 5.61774
4.9 5.59365
5 5.58284
5.1 5.5826
5.2 5.58921
5.3 5.583
5.4 5.56629
5.5 5.54342
5.6 5.51847
5.7 5.50822
5.8 5.51047
5.9 5.51962
6 5.53111
6.1 5.53049
6.2 5.51956
6.3 5.5045
6.4 5.48976
6.5 5.4873
6.6 5.49517
6.7 5.5065
6.8 5.51669
6.9 5.51571
7 5.50554
7.1 5.49325
7.2 5.48334
7.3 5.48393
7.4 5.49291
7.5 5.50309
7.6 5.51009
7.7 5.50742
7.8 5.49732
7.9 5.48694
8 5.48042
8.1 5.48283
8.2 5.49177
8.3 5.50026
8.4 5.50445
8.5 5.5005
8.6 5.49096
8.7 5.48257
8.8 5.47885
8.9 5.48256
9 5.49101
9.1 5.49779
9.2 5.49973
9.3 5.495
9.4 5.48641
9.5 5.47997
9.6 5.47848
9.7 5.48299
9.8 5.4906
9.9 5.49572
10 5.49592
10.1 5.49083
10.2 5.4834
10.3 5.47875
10.4 5.47895
10.5 5.48381
10.6 5.49036
10.7 5.49393
10.8 5.49284
10.9 5.48771
11 5.48151
11.1 5.47843
11.2 5.47982
11.3 5.48466
11.4 5.49005
11.5 5.49225
11.6 5.49023
11.7 5.48533
11.8 5.48036
11.9 5.47861
12 5.48079
12.1 5.48535
12.2 5.48959
12.3 5.49063
12.4 5.48806
12.5 5.48358
12.6 5.47977
12.7 5.47911
12.8 5.48174
12.9 5.48585
13 5.48902
13.1 5.48913
13.2 5.48629
13.3 5.48236
13.4 5.47961
13.5 5.47979
13.6 5.48261
13.7 5.48616
13.8 5.48836
13.9 5.48777
13.901 5.48776
