0 0
0.1 0.0108847
0.2 0.105967
0.3 0.311948
0.4 0.62057
0.5 1.0665
0.6 1.62822
0.7 2.25326
0.8 2.93216
0.9 3.6417
1 4.36747
1.1 5.14216
1.2 5.95835
1.3 6.80394
1.4 7.66844
1.5 8.51363
1.6 9.32192
1.7 10.0995
1.8 10.8523
1.9 11.5978
2 12.3514
2.1 13.1011
2.2 13.8374
2.3 14.5513
2.4 15.2354
2.5 15.9034
2.6 16.5698
2.7 17.2396
2.8 17.9086
2.9 18.556
3 19.1501
3.1 19.6676
3.2 20.0926
3.3 20.4208
3.4 20.6597
3.5 20.8144
3.6 20.8903
3.7 20.8959
3.8 20.8456
3.9 20.7681
4 20.708
4.1 20.7056
4.2 20.7269
4.3 20.7562
4.4 20.7973
4.5 20.7973
4.6 20.7512
4.7 20.7012
4.8 20.655
4.9 20.6387
5 20.6697
5.1 20.7022
5.2 20.72
5.3 20.7121
5.4 20.6694
5.5 20.6257
5.6 20.607
5.7 20.6139
5.8 20.6441
5.9 20.6746
6 20.6764
6.1 20.6543
6.2 20.6187
6.3 20.5885
6.4 20.5864
6.5 20.6079
6.6 20.636
6.7 20.6538
6.8 20.647
6.9 20.6195
7 20.592
7.1 20.5791
7.2 20.5886
7.3 20.6145
7.4 20.6367
7.5 20.6417
7.6 20.6271
7.7 20.6016
7.8 20.5829
7.9 20.5828
8 20.5993
8.1 20.6215
8.2 20.6346
8.3 20.6293
8.4 20.6106
8.5 20.5908
8.6 20.5827
8.7 20.5917
8.8 20.6112
8.9 20.6283
9 20.6326
9.1 20.6219
9.2 20.6039
9.3 20.5913
9.4 20.5917
9.5 20.6047
9.6 20.6214
9.7 20.6306
9.8 20.6266
9.9 20.6127
10 20.598
10.1 20.5921
10.2 20.5985
10.3 20.6123
10.4 20.6242
10.5 20.6266
10.6 20.6181
10.7 20.6048
10.8 20.5954
10.9 20.5959
11 20.6056
11.1 20.6178
11.2 20.6244
11.3 20.6214
11.4 20.6112
11.5 20.6006
11.6 20.5967
11.7 20.6017
11.8 20.612
11.9 20.6207
12 20.6222
12.1 20.6159
12.2 20.6061
12.3 20.5995
12.4 20.6001
12.5 20.6073
12.6 20.6162
12.7 20.6208
12.8 20.6184
12.9 20.6108
13 20.6032
13.1 20.6005
13.2 20.6043
13.3 20.6118
13.4 20.6181
13.5 20.619
13.6 20.6142
13.7 20.6071
13.8 20.6023
13.9 20.6029
14 20.6083
14.1 20.6148
14.2 20.618
14.3 20.6161
14.4 20.6105
14.5 20.6049
14.6 20.6031
14.7 20.606
14.8 20.6115
14.9 20.616
15 20.6166
15.1 20.613
15.2 20.6077
15.3 20.6043
15.4 20.6049
15.5 20.6089
15.6 20.6135
15.7 20.6158
15.8 20.6143
15.9 20.6101
16 20.6061
16.1 20.6048
16.2 20.607
16.3 20.6111
16.4 20.6143
16.5 20.6146
16.6 20.6119
16.7 20.6081
16.8 20.6056
16.9 20.6061
17 20.6091
17.1 20.6125
17.2 20.6141
17.3 20.6129
17.4 20.6098
17.5 20.6069
17.6 20.6061
17.7 20.6077
17.8 20.6107
17.9 20.613
18 20.6132
18.1 20.6111
18.2 20.6083
18.3 20.6066
18.4 20.607
18.5 20.6092
18.6 20.6117
18.7 20.6128
18.8 20.6119
18.9 20.6096
19 20.6075
19.1 20.6069
19.2 20.6082
19.3 20.6104
19.4 20.6121
19.5 20.6121
19.5575 20.6114
