0 0
0.1 0.0238761
0.2 0.180016
0.3 0.467076
0.4 0.874222
0.5 1.42645
0.6 2.07917
0.7 2.80668
0.8 3.59756
0.9 4.4173
1 5.28044
1.1 6.1906
1.2 7.13468
1.3 8.11924
1.4 9.10933
1.5 10.0915
1.6 11.0635
1.7 12.0197
1.8 12.9848
1.9 13.9645
2 14.958
2.1 15.9625
2.2 16.9585
2.3 17.9436
2.4 18.9231
2.5 19.9042
2.6 20.9005
2.7 21.9051
2.8 22.8985
2.9 23.8531
3 24.7318
3.1 25.5099
3.2 26.1699
3.3 26.7024
3.4 27.1079
3.5 27.3856
3.6 27.5416
3.7 27.5928
3.8 27.5675
3.9 27.5139
4 27.4906
4.1 27.5357
4.2 27.574
4.3 27.6062
4.4 27.6349
4.5 27.616
4.6 27.5764
4.7 27.5392
4.8 27.5086
4.9 27.5203
5 27.5494
5.1 27.5704
5.2 27.5804
5.3 27.5514
5.4 27.5143
5.5 27.4879
5.6 27.4785
5.7 27.5002
5.8 27.5227
5.9 27.5306
6 27.5185
6.1 27.4832
6.2 27.4527
6.3 27.4405
6.4 27.4483
6.5 27.4726
6.6 27.4875
6.7 27.4831
6.8 27.4616
6.9 27.4314
7 27.4153
7.1 27.4191
7.2 27.4374
7.3 27.4582
7.4 27.4628
7.5 27.4493
7.6 27.4262
7.7 27.4065
7.8 27.4049
7.9 27.4191
8 27.4388
8.1 27.4508
8.2 27.4451
8.3 27.427
8.4 27.4081
8.5 27.4003
8.6 27.4091
8.7 27.4267
8.8 27.4409
8.9 27.4424
9 27.4294
9.1 27.4119
9.2 27.4013
9.3 27.4042
9.4 27.4189
9.5 27.4346
9.6 27.4411
9.7 27.4346
9.8 27.4197
9.9 27.4074
10 27.4057
10.1 27.4156
10.2 27.4304
10.3 27.4398
10.4 27.4378
10.5 27.4263
10.6 27.4131
10.7 27.4075
10.8 27.4127
10.9 27.425
11 27.4358
11.1 27.4378
11.2 27.43
11.3 27.4179
11.4 27.4097
11.5 27.4109
11.6 27.4202
11.7 27.4312
11.8 27.4363
11.9 27.4323
12 27.4222
12.1 27.413
12.2 27.4108
12.3 27.4169
12.4 27.4269
12.5 27.434
12.6 27.4334
12.7 27.4258
12.8 27.4166
12.9 27.412
13 27.415
13.1 27.4233
13.2 27.4311
13.3 27.4332
13.4 27.4284
13.5 27.4201
13.6 27.4141
13.7 27.4142
13.8 27.4203
13.9 27.428
14 27.4321
14.1 27.4299
14.2 27.4231
14.3 27.4165
14.4 27.4145
14.5 27.4182
14.6 27.4251
14.7 27.4303
14.8 27.4304
14.9 27.4255
15 27.419
15.1 27.4154
15.2 27.417
15.3 27.4225
15.4 27.4281
15.5 27.43
15.6 27.4271
15.7 27.4214
15.8 27.4169
15.9 27.4166
16 27.4205
16.1 27.4259
16.2 27.429
16.3 27.4279
16.4 27.4234
16.5 27.4187
16.6 27.4169
16.7 27.4191
16.8 27.4238
16.9 27.4276
17 27.428
17.1 27.4249
17.2 27.4204
17.3 27.4176
17.4 27.4184
17.5 27.422
17.6 27.426
17.7 27.4276
17.8 27.4258
17.9 27.422
18 27.4187
18.1 27.4182
18.2 27.4207
18.3 27.4244
18.4 27.4268
18.5 27.4262
18.6 27.4233
18.7 27.4199
18.8 27.4184
18.9 27.4198
19 27.4229
19.1 27.4257
19.2 27.4262
19.3 27.4242
19.4 27.4211
19.5 27.419
19.5625 27.4189
