0 0
0.1 0.00692348
0.2 0.0372951
0.3 0.0928667
0.4 0.174475
0.5 0.287742
0.6 0.425036
0.7 0.584257
0.8 0.761452
0.9 0.949561
1 1.15149
1.1 1.36476
1.2 1.58936
1.3 1.82556
1.4 2.06669
1.5 2.31052
1.6 2.55219
1.7 2.78942
1.8 3.02457
1.9 3.25751
2 3.4915
2.1 3.72595
2.2 3.95847
2.3 4.18785
2.4 4.40949
2.5 4.62326
2.6 4.82824
2.7 5.02275
2.8 5.20728
2.9 5.37671
3 5.5276
3.1 5.65619
3.2 5.75761
3.3 5.83338
3.4 5.88398
3.5 5.91257
3.6 5.92464
3.7 5.9222
3.8 5.91117
3.9 5.89725
4 5.88767
4.1 5.88774
4.2 5.88691
4.3 5.88767
4.4 5.89124
4.5 5.88833
4.6 5.88375
4.7 5.87553
4.8 5.86501
4.9 5.86016
5 5.85739
5.1 5.85909
5.2 5.86261
5.3 5.86232
5.4 5.86076
5.5 5.85571
5.6 5.85092
5.7 5.84969
5.8 5.85046
5.9 5.85481
6 5.85805
6.1 5.85865
6.2 5.85703
6.3 5.8522
6.4 5.84924
6.5 5.84821
6.6 5.8496
6.7 5.85367
6.8 5.85538
6.9 5.85562
7 5.85333
7.1 5.84898
7.2 5.84725
7.3 5.84675
7.4 5.84888
7.5 5.85249
7.6 5.85353
7.7 5.85349
7.8 5.85091
7.9 5.8475
8 5.84651
8.1 5.84664
8.2 5.84919
8.3 5.85198
8.4 5.85264
8.5 5.85209
8.6 5.84936
8.7 5.84689
8.8 5.84625
8.9 5.84696
9 5.84957
9.1 5.85152
9.2 5.85195
9.3 5.8509
9.4 5.84828
9.5 5.84664
9.6 5.84626
9.7 5.84745
9.8 5.84987
9.9 5.85113
10 5.85133
10.1 5.84992
10.2 5.84764
10.3 5.84659
10.4 5.84649
10.5 5.84799
10.6 5.85003
10.7 5.85082
10.8 5.85074
10.9 5.84913
11 5.8473
11.1 5.84665
11.2 5.84688
11.3 5.8485
11.4 5.85008
11.5 5.85057
11.6 5.85017
11.7 5.84855
11.8 5.84718
11.9 5.8468
12 5.84734
12.1 5.8489
12.2 5.85005
12.3 5.85032
12.4 5.84963
12.5 5.84814
12.6 5.84717
12.7 5.84699
12.8 5.84779
12.9 5.84917
13 5.84996
13.1 5.85003
13.2 5.84914
13.3 5.84787
13.4 5.84723
13.5 5.84724
13.6 5.84819
13.7 5.84933
13.785 5.84981
