0 0
0.1 0.013849
0.2 0.13651
0.3 0.40565
0.4 0.810551
0.5 1.40031
0.6 2.17029
0.7 3.05987
0.8 4.07318
0.9 5.19803
1 6.41447
1.1 7.75979
1.2 9.22909
1.3 10.7962
1.4 12.4452
1.5 14.1414
1.6 15.851
1.7 17.5835
1.8 19.3388
1.9 21.1167
2 22.9201
2.1 24.724
2.2 26.4983
2.3 28.2269
2.4 29.8969
2.5 31.5055
2.6 33.0611
2.7 34.5522
2.8 35.9575
2.9 37.2483
3 38.3905
3.1 39.3624
3.2 40.1605
3.3 40.7887
3.4 41.2579
3.5 41.5796
3.6 41.7599
3.7 41.8128
3.8 41.7666
3.9 41.6668
4 41.5776
4.1 41.5587
4.2 41.5673
4.3 41.58
4.4 41.6106
4.5 41.6019
4.6 41.541
4.7 41.4907
4.8 41.4546
4.9 41.4488
5 41.4938
5.1 41.5343
5.2 41.5463
5.3 41.5325
5.4 41.4909
5.5 41.4507
5.6 41.4487
5.7 41.4709
5.8 41.5049
5.9 41.5309
6 41.5224
6.1 41.4894
6.2 41.457
6.3 41.4408
6.4 41.4528
6.5 41.486
6.6 41.5112
6.7 41.5153
6.8 41.4963
6.9 41.4651
7 41.4452
7.1 41.4498
7.2 41.472
7.3 41.498
7.4 41.5098
7.5 41.498
7.6 41.4733
7.7 41.4521
7.8 41.4475
7.9 41.4628
8 41.4863
8.1 41.501
8.2 41.4982
8.3 41.4801
8.4 41.4591
8.5 41.4501
8.6 41.4583
8.7 41.4771
8.8 41.4937
8.9 41.4967
9 41.4843
9.1 41.466
9.2 41.4538
9.3 41.4557
9.4 41.4701
9.5 41.4863
9.6 41.4935
9.7 41.4874
9.8 41.4725
9.9 41.4594
10 41.457
10.1 41.4664
10.2 41.4808
10.3 41.4905
10.4 41.489
10.5 41.478
10.6 41.4653
10.7 41.4595
10.8 41.4643
10.9 41.476
11 41.4863
11.1 41.4884
11.2 41.4812
11.3 41.4699
11.4 41.4623
11.5 41.4634
11.6 41.4719
11.7 41.4819
11.8 41.4865
11.9 41.4828
12 41.4737
12.1 41.4655
12.2 41.4637
12.3 41.4692
12.4 41.478
12.5 41.484
12.6 41.4833
12.7 41.4766
12.8 41.4687
12.9 41.465
13 41.4678
13.1 41.4749
13.2 41.4813
13.3 41.4828
13.4 41.4785
13.5 41.4716
13.6 41.4669
13.7 41.4674
13.8 41.4726
13.9 41.4787
14 41.4817
14.1 41.4796
14.2 41.474
14.3 41.4689
14.4 41.4677
14.5 41.4711
14.6 41.4764
14.7 41.4802
14.7545 41.4806
