0 0
0.1 0.00840354
0.2 0.0545212
0.3 0.139982
0.4 0.263011
0.5 0.433889
0.6 0.633671
0.7 0.855902
0.8 1.0924
0.9 1.32768
1 1.57096
1.1 1.81905
1.2 2.07288
1.3 2.33661
1.4 2.59475
1.5 2.84428
1.6 3.07767
1.7 3.28886
1.8 3.48833
1.9 3.67637
2 3.85935
2.1 4.04036
2.2 4.21047
2.3 4.36983
2.4 4.51262
2.5 4.63792
2.6 4.75286
2.7 4.85636
2.8 4.95215
2.9 5.03721
3 5.10304
3.1 5.14766
3.2 5.16556
3.3 5.15946
3.4 5.13668
3.5 5.10126
3.6 5.06191
3.7 5.02131
3.8 4.98203
3.9 4.95147
4 4.93654
4.1 4.94412
4.2 4.95441
4.3 4.96698
4.4 4.98429
4.5 4.98591
4.6 4.98005
4.7 4.9662
4.8 4.94609
4.9 4.93831
5 4.93526
5.1 4.93901
5.2 4.94603
5.3 4.94132
5.4 4.93267
5.5 4.91789
5.6 4.90259
5.7 4.89877
5.8 4.89923
5.9 4.9061
6 4.91241
6.1 4.90896
6.2 4.90221
6.3 4.89031
6.4 4.88105
6.5 4.88098
6.6 4.88445
6.7 4.89265
6.8 4.89738
6.9 4.89424
7 4.88797
7.1 4.87808
7.2 4.87269
7.3 4.87435
7.4 4.87911
7.5 4.88667
7.6 4.88925
7.7 4.88576
7.8 4.87942
7.9 4.87129
8 4.86852
8.1 4.87106
8.2 4.87631
8.3 4.88249
8.4 4.88324
8.5 4.87943
8.6 4.87321
8.7 4.86694
8.8 4.86608
8.9 4.86919
9 4.87447
9.1 4.87909
9.2 4.87851
9.3 4.87454
9.4 4.86876
9.5 4.86432
9.6 4.86483
9.7 4.86829
9.8 4.87322
9.9 4.87632
10 4.87482
10.1 4.87083
10.2 4.86576
10.3 4.86296
10.4 4.8644
10.5 4.86798
10.6 4.87228
10.7 4.87402
10.8 4.87194
10.9 4.86807
11 4.86387
11.1 4.86245
11.2 4.86446
11.3 4.86798
11.4 4.87146
11.5 4.87208
11.6 4.86967
11.7 4.86604
11.8 4.8628
11.9 4.86246
12 4.86478
12.1 4.86806
12.2 4.87066
12.3 4.87041
12.4 4.86786
12.5 4.8646
12.6 4.8623
12.7 4.86276
12.8 4.86519
12.9 4.8681
13 4.86984
13.1 4.86896
13.2 4.86642
13.3 4.86363
13.4 4.86219
13.5 4.86321
13.6 4.8656
13.7 4.86804
13.8 4.86901
13.9 4.86772
14 4.86531
14.1 4.86305
14.2 4.86235
14.3 4.86371
14.3015 4.86373
