0 0
0.1 0.0136747
0.2 0.142953
0.3 0.420489
0.4 0.799484
0.5 1.31605
0.6 1.97034
0.7 2.65086
0.8 3.34984
0.9 4.09048
1 4.83151
1.1 5.60326
1.2 6.44839
1.3 7.31361
1.4 8.16044
1.5 8.99794
1.6 9.7789
1.7 10.5055
1.8 11.2337
1.9 11.9721
2 12.7085
2.1 13.4639
2.2 14.2077
2.3 14.9084
2.4 15.5931
2.5 16.2791
2.6 16.9663
2.7 17.6791
2.8 18.4072
2.9 19.0961
3 19.7209
3.1 20.2586
3.2 20.6813
3.3 20.9987
3.4 21.2329
3.5 21.375
3.6 21.433
3.7 21.4234
3.8 21.3535
3.9 21.2605
4 21.212
4.1 21.2478
4.2 21.3016
4.3 21.3454
4.4 21.4022
4.5 21.4048
4.6 21.3245
4.7 21.2642
4.8 21.2373
4.9 21.231
5 21.2868
5.1 21.3553
5.2 21.3586
5.3 21.3256
5.4 21.2797
5.5 21.2143
5.6 21.1971
5.7 21.24
5.8 21.2821
5.9 21.3057
6 21.3081
6.1 21.2555
6.2 21.191
6.3 21.1688
6.4 21.1768
6.5 21.2071
6.6 21.2538
6.7 21.2649
6.8 21.228
6.9 21.1845
7 21.1466
7.1 21.1311
7.2 21.1602
7.3 21.2043
7.4 21.2216
7.5 21.2153
7.6 21.1833
7.7 21.1365
7.8 21.1154
7.9 21.1315
8 21.1604
8.1 21.1906
8.2 21.2029
8.3 21.1781
8.4 21.1393
8.5 21.1152
8.6 21.1116
8.7 21.133
8.8 21.1701
8.9 21.1894
9 21.1807
9.1 21.1562
9.2 21.1265
9.3 21.1106
9.4 21.1249
9.5 21.1539
9.6 21.1765
9.7 21.1836
9.8 21.1677
9.9 21.1372
10 21.1174
10.1 21.1191
10.2 21.1368
10.3 21.1628
10.4 21.1786
10.5 21.1709
10.6 21.1483
10.7 21.1267
10.8 21.1165
10.9 21.1264
11 21.1502
11.1 21.1687
11.2 21.1713
11.3 21.1584
11.4 21.1361
11.5 21.1201
11.6 21.1226
11.7 21.139
11.8 21.1582
11.9 21.1694
12 21.1639
12.1 21.1452
12.2 21.1282
12.3 21.1226
12.4 21.131
12.5 21.1492
12.6 21.1642
12.7 21.1652
12.8 21.1535
12.9 21.137
13 21.1254
13.1 21.1274
13.2 21.1414
13.3 21.1566
13.4 21.1638
13.5 21.159
13.6 21.1445
13.7 21.1309
13.8 21.1274
13.9 21.1352
14 21.149
14.1 21.1603
14.2 21.1608
14.3 21.1507
14.4 21.1376
14.5 21.1297
14.6 21.1317
14.7 21.1428
14.8 21.1549
14.9 21.1598
15 21.1551
15.1 21.1439
15.2 21.1335
15.3 21.1311
15.4 21.138
15.5 21.1489
15.6 21.157
15.7 21.157
15.8 21.1488
15.9 21.1384
16 21.1327
16.1 21.135
16.2 21.1437
16.3 21.153
16.4 21.1565
16.5 21.1521
16.6 21.1433
16.7 21.1355
16.8 21.1341
16.9 21.1398
17 21.1485
17.1 21.1543
17.2 21.1538
17.3 21.1472
17.4 21.1391
17.5 21.1349
17.6 21.1373
17.7 21.1442
17.8 21.1513
17.9 21.1537
18 21.1499
18.1 21.1428
18.2 21.137
18.3 21.1363
18.4 21.141
18.5 21.1478
18.6 21.1521
18.7 21.1513
18.8 21.1459
18.9 21.1397
19 21.1367
19.1 21.1389
19.2 21.1445
19.3 21.1498
19.4 21.1513
19.5 21.1482
19.6 21.1425
19.7 21.1382
19.8 21.138
19.9 21.1418
20 21.1471
20.1 21.1503
20.2 21.1493
20.288 21.1456
