0 0
0.1 0.0223181
0.2 0.13983
0.3 0.354235
0.4 0.670287
0.5 1.10764
0.6 1.63031
0.7 2.23919
0.8 2.91057
0.9 3.62489
1 4.39369
1.1 5.19845
1.2 6.04731
1.3 6.93065
1.4 7.8268
1.5 8.73526
1.6 9.63623
1.7 10.536
1.8 11.4427
1.9 12.3546
2 13.2832
2.1 14.2155
2.2 15.1457
2.3 16.071
2.4 16.9836
2.5 17.8946
2.6 18.8016
2.7 19.7014
2.8 20.5854
2.9 21.4273
3 22.2096
3.1 22.909
3.2 23.5094
3.3 24.0068
3.4 24.3926
3.5 24.6708
3.6 24.8446
3.7 24.9236
3.8 24.9337
3.9 24.9051
4 24.8857
4.1 24.9029
4.2 24.9112
4.3 24.9237
4.4 24.9331
4.5 24.9116
4.6 24.8873
4.7 24.8502
4.8 24.823
4.9 24.8215
5 24.8252
5.1 24.8421
5.2 24.8452
5.3 24.8311
5.4 24.8136
5.5 24.79
5.6 24.7855
5.7 24.7941
5.8 24.8068
5.9 24.8203
6 24.8143
6.1 24.8003
6.2 24.7836
6.3 24.7717
6.4 24.7783
6.5 24.7899
6.6 24.8033
6.7 24.8081
6.8 24.7975
6.9 24.7848
7 24.7724
7.1 24.7716
7.2 24.7829
7.3 24.7945
7.4 24.8036
7.5 24.7999
7.6 24.7879
7.7 24.7772
7.8 24.7712
7.9 24.7779
8 24.7895
8.1 24.7984
8.2 24.8008
8.3 24.7919
8.4 24.7812
8.5 24.7741
8.6 24.7749
8.7 24.7848
8.8 24.794
8.9 24.7986
9 24.7949
9.1 24.7846
9.2 24.7769
9.3 24.7745
9.4 24.7804
9.5 24.7902
9.6 24.796
9.7 24.7962
9.8 24.7889
9.9 24.7804
10 24.7766
10.1 24.7788
10.2 24.7869
10.3 24.794
10.4 24.796
10.5 24.7921
10.6 24.7839
10.7 24.7785
10.8 24.7782
10.9 24.7834
11 24.7908
11.1 24.7944
11.2 24.793
11.3 24.7869
11.4 24.7804
11.5 24.7784
11.6 24.7812
11.7 24.7875
11.8 24.7926
11.9 24.7929
12 24.7891
12.1 24.783
12.2 24.7793
12.3 24.7803
12.4 24.7848
12.5 24.7904
12.6 24.7925
12.7 24.7903
12.8 24.7855
12.9 24.7808
13 24.7801
13.1 24.7831
13.2 24.7879
13.3 24.7914
13.4 24.7909
13.5 24.7873
13.6 24.7828
13.7 24.7805
13.8 24.782
13.9 24.7859
14 24.7898
14.1 24.7909
14.2 24.7885
14.3 24.7846
14.356 24.7826
