0 0
0.1 0.00307367
0.2 0.0418234
0.3 0.133185
0.4 0.280696
0.5 0.510169
0.6 0.801758
0.7 1.12697
0.8 1.47911
0.9 1.83399
1 2.19443
1.1 2.5817
1.2 2.99287
1.3 3.43151
1.4 3.88851
1.5 4.33303
1.6 4.75465
1.7 5.14805
1.8 5.51242
1.9 5.86766
2 6.2216
2.1 6.57036
2.2 6.91085
2.3 7.22604
2.4 7.50497
2.5 7.75307
2.6 7.97497
2.7 8.18253
2.8 8.38592
2.9 8.57777
3 8.74865
3.1 8.88719
3.2 8.98119
3.3 9.03426
3.4 9.05577
3.5 9.05461
3.6 9.04291
3.7 9.02336
3.8 8.99455
3.9 8.96219
4 8.93513
4.1 8.93033
4.2 8.93998
4.3 8.9581
4.4 8.98571
4.5 8.98807
4.6 8.96296
4.7 8.92682
4.8 8.88185
4.9 8.85488
5 8.85544
5.1 8.86525
5.2 8.87909
5.3 8.88002
5.4 8.85669
5.5 8.82677
5.6 8.80019
5.7 8.78681
5.8 8.79688
5.9 8.81544
6 8.82852
6.1 8.83035
6.2 8.81352
6.3 8.78936
6.4 8.77377
6.5 8.77047
6.6 8.78286
6.7 8.80245
6.8 8.81303
6.9 8.81116
7 8.79713
7.1 8.7775
7.2 8.76714
7.3 8.76988
7.4 8.78242
7.5 8.79895
7.6 8.80677
7.7 8.80156
7.8 8.78849
7.9 8.77341
8 8.76655
8.1 8.77229
8.2 8.78461
8.3 8.79712
8.4 8.80189
8.5 8.79499
8.6 8.78251
8.7 8.77144
8.8 8.76784
8.9 8.77478
9 8.78653
9.1 8.79573
9.2 8.79769
9.3 8.79046
9.4 8.77926
9.5 8.77144
9.6 8.77079
9.7 8.77803
9.8 8.78842
9.9 8.79493
10 8.79436
10.1 8.7871
10.2 8.77752
10.3 8.77207
10.4 8.7735
10.5 8.78057
10.6 8.78909
10.7 8.79339
10.8 8.79109
10.9 8.78406
11 8.7764
11.1 8.77295
11.2 8.77573
11.3 8.78247
11.4 8.78911
11.5 8.79158
11.6 8.78832
11.7 8.78177
11.8 8.77594
11.9 8.77423
12 8.77769
12.1 8.78385
12.2 8.78881
12.3 8.78972
12.4 8.78603
12.5 8.7802
12.6 8.77596
12.7 8.77564
12.8 8.77938
12.9 8.78474
13 8.78825
13.1 8.78797
13.2 8.78417
13.3 8.77924
13.4 8.77632
13.5 8.77704
13.6 8.78078
13.7 8.78521
13.8 8.78752
13.899 8.78644
