0 0
0.1 0.00409112
0.2 0.0512871
0.3 0.162372
0.4 0.339485
0.5 0.611459
0.6 0.95888
0.7 1.34589
0.8 1.76336
0.9 2.18719
1 2.61412
1.1 3.06831
1.2 3.55019
1.3 4.05645
1.4 4.58065
1.5 5.09042
1.6 5.56725
1.7 6.01187
1.8 6.42295
1.9 6.81811
2 7.21347
2.1 7.60183
2.2 7.97815
2.3 8.33048
2.4 8.64339
2.5 8.92403
2.6 9.18254
2.7 9.42762
2.8 9.67106
2.9 9.90638
3 10.1179
3.1 10.2939
3.2 10.4218
3.3 10.5008
3.4 10.5425
3.5 10.5563
3.6 10.5509
3.7 10.5317
3.8 10.4979
3.9 10.4548
4 10.4188
4.1 10.4096
4.2 10.4162
4.3 10.4336
4.4 10.462
4.5 10.4621
4.6 10.4305
4.7 10.3863
4.8 10.3347
4.9 10.3029
5 10.304
5.1 10.3174
5.2 10.3321
5.3 10.3335
5.4 10.3074
5.5 10.2717
5.6 10.2439
5.7 10.2308
5.8 10.2427
5.9 10.2667
6 10.2812
6.1 10.2817
6.2 10.2636
6.3 10.2356
6.4 10.2191
6.5 10.2187
6.6 10.2333
6.7 10.2559
6.8 10.2681
6.9 10.2635
7 10.2471
7.1 10.226
7.2 10.2147
7.3 10.2201
7.4 10.2358
7.5 10.253
7.6 10.261
7.7 10.2535
7.8 10.237
7.9 10.2216
8 10.2153
8.1 10.2229
8.2 10.2384
8.3 10.251
8.4 10.2544
8.5 10.2459
8.6 10.2307
8.7 10.2194
8.8 10.2176
8.9 10.226
9 10.2396
9.1 10.2487
9.2 10.2483
9.3 10.2392
9.4 10.2266
9.5 10.2187
9.6 10.2202
9.7 10.2293
9.8 10.2404
9.9 10.2465
10 10.2439
10.1 10.2347
10.2 10.2248
10.3 10.22
10.4 10.2234
10.5 10.2323
10.6 10.2408
10.7 10.2441
10.8 10.2401
10.9 10.2314
11 10.2238
11.1 10.2216
11.2 10.226
11.3 10.234
11.4 10.2404
11.5 10.2413
11.6 10.2365
11.7 10.2289
11.8 10.2235
11.9 10.2233
12 10.2282
12.1 10.235
12.2 10.2394
12.3 10.2387
12.4 10.2336
12.5 10.2274
12.6 10.2238
12.7 10.225
12.8 10.2299
12.9 10.2354
13 10.2381
13.1 10.2364
13.2 10.2314
13.3 10.2265
13.4 10.2245
13.5 10.2266
13.6 10.2312
13.7 10.2355
13.8 10.2367
13.9 10.2343
14 10.2299
14.1 10.2262
14.2 10.2255
14.3 10.228
14.4 10.2321
14.5 10.2352
14.6 10.2354
14.7 10.2326
14.8 10.2288
14.9 10.2263
15 10.2265
15.1 10.2292
15.2 10.2326
15.3 10.2347
15.4 10.2341
15.5 10.2313
15.6 10.2282
15.7 10.2266
15.8 10.2274
15.8115 10.2277
