0 0
0.1 0.00289336
0.2 0.0421612
0.3 0.137222
0.4 0.293143
0.5 0.535743
0.6 0.8436
0.7 1.18455
0.8 1.54609
0.9 1.89989
1 2.24787
1.1 2.6112
1.2 2.99004
1.3 3.39138
1.4 3.80521
1.5 4.20035
1.6 4.5645
1.7 4.88881
1.8 5.1745
1.9 5.44416
2 5.7082
2.1 5.96865
2.2 6.22328
2.3 6.45379
2.4 6.64974
2.5 6.81331
2.6 6.94951
2.7 7.0739
2.8 7.19744
2.9 7.31623
3 7.42215
3.1 7.50038
3.2 7.53807
3.3 7.5369
3.4 7.50497
3.5 7.45521
3.6 7.40192
3.7 7.34966
3.8 7.29922
3.9 7.25337
4 7.21848
4.1 7.21045
4.2 7.21855
4.3 7.23577
4.4 7.26259
4.5 7.26224
4.6 7.23213
4.7 7.18746
4.8 7.131
4.9 7.09234
5 7.08155
5.1 7.08256
5.2 7.09068
5.3 7.08599
5.4 7.05705
5.5 7.02007
5.6 6.9839
5.7 6.96204
5.8 6.96539
5.9 6.97969
6 6.9927
6.1 6.99494
6.2 6.97741
6.3 6.95149
6.4 6.93111
6.5 6.92308
6.6 6.93325
6.7 6.95237
6.8 6.9657
6.9 6.96735
7 6.95428
7.1 6.93387
7.2 6.92022
7.3 6.91879
7.4 6.92996
7.5 6.94731
7.6 6.95794
7.7 6.95644
7.8 6.9443
7.9 6.92755
8 6.91744
8.1 6.91923
8.2 6.93019
8.3 6.94428
8.4 6.95195
8.5 6.94826
8.6 6.93662
8.7 6.92326
8.8 6.91616
8.9 6.91972
9 6.93024
9.1 6.94135
9.2 6.94633
9.3 6.94157
9.4 6.93075
9.5 6.92035
9.6 6.91603
9.7 6.92056
9.8 6.93036
9.9 6.93904
10 6.94173
10.1 6.93653
10.2 6.92686
10.3 6.91887
10.4 6.9168
10.5 6.92175
10.6 6.9304
10.7 6.93701
10.8 6.93784
10.9 6.93245
11 6.92411
11.1 6.91809
11.2 6.91767
11.3 6.92275
11.4 6.9301
11.5 6.93496
11.6 6.93448
11.7 6.92917
11.8 6.92221
11.9 6.91789
12 6.91863
12.1 6.9236
12.2 6.92969
12.3 6.93306
12.4 6.93171
12.5 6.92667
12.6 6.92102
12.7 6.91811
12.8 6.9196
12.9 6.92429
13 6.92919
13.1 6.93133
13.2 6.92944
13.3 6.92482
13.4 6.92033
13.5 6.91859
13.5595 6.91932
