0 0
0.1 0.00398974
0.2 0.0346969
0.3 0.0970678
0.4 0.193008
0.5 0.337427
0.6 0.513493
0.7 0.71403
0.8 0.933313
0.9 1.15494
1 1.3894
1.1 1.63785
1.2 1.89988
1.3 2.18257
1.4 2.47004
1.5 2.75477
1.6 3.03126
1.7 3.28926
1.8 3.53855
1.9 3.7823
2 4.02195
2.1 4.26274
2.2 4.49335
2.3 4.70871
2.4 4.90601
2.5 5.07992
2.6 5.23926
2.7 5.38708
2.8 5.52389
2.9 5.65157
3 5.75994
3.1 5.84408
3.2 5.90194
3.3 5.93144
3.4 5.94156
3.5 5.93772
3.6 5.92398
3.7 5.90594
3.8 5.88219
3.9 5.85727
4 5.84018
4.1 5.83763
4.2 5.8415
4.3 5.85207
4.4 5.86814
4.5 5.87021
4.6 5.86234
4.7 5.84586
4.8 5.82393
4.9 5.81434
5 5.81361
5.1 5.82034
5.2 5.83086
5.3 5.83015
5.4 5.82187
5.5 5.80818
5.6 5.79338
5.7 5.7902
5.8 5.79497
5.9 5.80473
6 5.81486
6.1 5.81442
6.2 5.80706
6.3 5.79616
6.4 5.78629
6.5 5.78663
6.6 5.79333
6.7 5.80268
6.8 5.81014
6.9 5.80804
7 5.80033
7.1 5.79094
7.2 5.78424
7.3 5.78649
7.4 5.7937
7.5 5.80177
7.6 5.80661
7.7 5.80319
7.8 5.79555
7.9 5.78786
8 5.78386
8.1 5.78748
8.2 5.79464
8.3 5.80121
8.4 5.80384
8.5 5.79953
8.6 5.79239
8.7 5.78641
8.8 5.78456
8.9 5.78899
9 5.79561
9.1 5.8006
9.2 5.80141
9.3 5.79662
9.4 5.79024
9.5 5.78591
9.6 5.78574
9.7 5.79053
9.8 5.79637
9.9 5.79985
10 5.79928
10.1 5.79439
10.2 5.78897
10.3 5.78616
10.4 5.78725
10.5 5.79205
10.6 5.79693
10.7 5.79904
10.8 5.79745
10.9 5.79272
11 5.78832
11.1 5.7868
11.2 5.78873
11.3 5.79325
11.4 5.7971
11.5 5.79803
11.6 5.79578
11.7 5.79144
11.8 5.78808
11.9 5.78762
12 5.79006
12.1 5.79413
12.2 5.79697
12.3 5.79697
12.4 5.79436
12.5 5.79055
12.6 5.78817
12.7 5.78854
12.8 5.79122
12.9 5.79471
13 5.79663
13.1 5.79591
13.2 5.79319
13.3 5.79
13.4 5.7885
13.5 5.78948
13.5295 5.79014
