0 0
0.1 0.00827509
0.2 0.0521441
0.3 0.132665
0.4 0.250837
0.5 0.418773
0.6 0.618855
0.7 0.849108
0.8 1.10196
0.9 1.36397
1 1.64544
1.1 1.94052
1.2 2.25105
1.3 2.57929
1.4 2.90888
1.5 3.2387
1.6 3.55921
1.7 3.86491
1.8 4.16486
1.9 4.45547
2 4.74254
2.1 5.0259
2.2 5.29576
2.3 5.55368
2.4 5.79262
2.5 6.01359
2.6 6.22351
2.7 6.41976
2.8 6.60685
2.9 6.77972
3 6.92989
3.1 7.05607
3.2 7.1511
3.3 7.21824
3.4 7.2627
3.5 7.28594
3.6 7.2959
3.7 7.29293
3.8 7.28036
3.9 7.26715
4 7.26102
4.1 7.27166
4.2 7.28181
4.3 7.29318
4.4 7.30805
4.5 7.30553
4.6 7.29676
4.7 7.28001
4.8 7.25854
4.9 7.25101
5 7.24739
5.1 7.25155
5.2 7.25813
5.3 7.25295
5.4 7.24607
5.5 7.23345
5.6 7.22257
5.7 7.22381
5.8 7.22769
5.9 7.23779
6 7.24501
6.1 7.2421
6.2 7.23727
6.3 7.22739
6.4 7.2221
6.5 7.2256
6.6 7.23077
6.7 7.23987
6.8 7.24314
6.9 7.23885
7 7.23296
7.1 7.2242
7.2 7.22198
7.3 7.22604
7.4 7.23155
7.5 7.2388
7.6 7.23917
7.7 7.23449
7.8 7.22856
7.9 7.22206
8 7.22257
8.1 7.22712
8.2 7.23275
8.3 7.23795
8.4 7.23636
8.5 7.23165
8.6 7.22613
8.7 7.22197
8.8 7.22423
8.9 7.22879
9 7.2339
9.1 7.23686
9.2 7.23396
9.3 7.22943
9.4 7.22467
9.5 7.22266
9.6 7.2259
9.7 7.2302
9.8 7.23439
9.9 7.23538
10 7.23183
10.1 7.22769
10.2 7.22401
10.3 7.22383
10.4 7.22748
10.5 7.23133
10.6 7.23439
10.7 7.23382
10.8 7.23012
10.9 7.22656
11 7.22411
11.1 7.22528
11.2 7.22892
11.3 7.23215
11.4 7.23398
11.5 7.23231
11.6 7.2288
11.7 7.22591
11.8 7.22467
11.9 7.22669
12 7.23002
12.1 7.23252
12.2 7.2332
12.3 7.23089
12.4 7.22779
12.5 7.22566
12.6 7.22548
12.7 7.22795
12.8 7.23078
12.9 7.23252
13 7.23224
13.1 7.22969
13.2 7.22713
13.3 7.22577
13.4 7.22643
13.5 7.22898
13.6 7.23124
13.672 7.23211
