0 0
0.1 0.00453407
0.2 0.0389039
0.3 0.108473
0.4 0.215303
0.5 0.375841
0.6 0.571564
0.7 0.794786
0.8 1.03912
0.9 1.28649
1 1.54824
1.1 1.82529
1.2 2.11709
1.3 2.43114
1.4 2.74994
1.5 3.06524
1.6 3.3708
1.7 3.65535
1.8 3.92945
1.9 4.19635
2 4.45768
2.1 4.71912
2.2 4.96837
2.3 5.20013
2.4 5.41139
2.5 5.59667
2.6 5.76578
2.7 5.92214
2.8 6.06658
2.9 6.20112
3 6.3148
3.1 6.40232
3.2 6.46138
3.3 6.48978
3.4 6.49717
3.5 6.48943
3.6 6.47103
3.7 6.44811
3.8 6.41931
3.9 6.38975
4 6.36941
4.1 6.36558
4.2 6.36889
4.3 6.37961
4.4 6.39646
4.5 6.39788
4.6 6.38857
4.7 6.36982
4.8 6.34518
4.9 6.33413
5 6.33271
5.1 6.33953
5.2 6.35042
5.3 6.34902
5.4 6.33942
5.5 6.32396
5.6 6.30743
5.7 6.30373
5.8 6.30874
5.9 6.31922
6 6.33004
6.1 6.32927
6.2 6.32103
6.3 6.30895
6.4 6.29816
6.5 6.29861
6.6 6.30598
6.7 6.31623
6.8 6.32424
6.9 6.3218
7 6.31326
7.1 6.30293
7.2 6.29571
7.3 6.29828
7.4 6.30624
7.5 6.31504
7.6 6.32017
7.7 6.31626
7.8 6.30779
7.9 6.29937
8 6.29511
8.1 6.29919
8.2 6.30707
8.3 6.3142
8.4 6.31689
8.5 6.31201
8.6 6.30411
8.7 6.29761
8.8 6.29574
8.9 6.3007
9 6.308
9.1 6.31336
9.2 6.31406
9.3 6.30867
9.4 6.30163
9.5 6.29698
9.6 6.29695
9.7 6.30231
9.8 6.30872
9.9 6.3124
10 6.31159
10.1 6.30611
10.2 6.30016
10.3 6.29719
10.4 6.29854
10.5 6.3039
10.6 6.30923
10.7 6.31139
10.8 6.30949
10.9 6.30421
11 6.29942
11.1 6.29789
11.2 6.30015
11.3 6.30518
11.4 6.30935
11.5 6.31021
11.6 6.3076
11.7 6.30278
11.8 6.29915
11.9 6.2988
12 6.30161
12.1 6.3061
12.2 6.30914
12.3 6.30897
12.4 6.30599
12.5 6.30179
12.6 6.29926
12.7 6.29983
12.8 6.30287
12.9 6.3067
13 6.3087
13.1 6.30776
13.2 6.30468
13.3 6.30119
13.4 6.29965
13.5 6.30087
13.6 6.3039
13.7 6.30701
13.7695 6.30806
