0 0
0.1 0.0158849
0.2 0.0935505
0.3 0.224697
0.4 0.406536
0.5 0.65411
0.6 0.932114
0.7 1.24234
0.8 1.56958
0.9 1.89583
1 2.24009
1.1 2.58724
1.2 2.94507
1.3 3.31346
1.4 3.66892
1.5 4.0174
1.6 4.34281
1.7 4.64595
1.8 4.94206
1.9 5.22537
2 5.51083
2.1 5.7939
2.2 6.06475
2.3 6.32844
2.4 6.57358
2.5 6.80831
2.6 7.03927
2.7 7.26228
2.8 7.48376
2.9 7.6906
3 7.87341
3.1 8.02868
3.2 8.14581
3.3 8.23196
3.4 8.29013
3.5 8.32254
3.6 8.33864
3.7 8.33668
3.8 8.32483
3.9 8.31583
4 8.32343
4.1 8.35891
4.2 8.38463
4.3 8.4093
4.4 8.43483
4.5 8.42967
4.6 8.42016
4.7 8.39773
4.8 8.3723
4.9 8.36899
5 8.36583
5.1 8.37434
5.2 8.37994
5.3 8.36669
5.4 8.35362
5.5 8.33054
5.6 8.31526
5.7 8.3167
5.8 8.31924
5.9 8.33069
6 8.3324
6.1 8.32119
6.2 8.30948
6.3 8.29204
6.4 8.28656
6.5 8.29195
6.6 8.29845
6.7 8.30889
6.8 8.30732
6.9 8.29755
7 8.28724
7.1 8.27536
7.2 8.27581
7.3 8.28289
7.4 8.29046
7.5 8.29803
7.6 8.29372
7.7 8.28456
7.8 8.2755
7.9 8.26807
8 8.27213
8.1 8.27958
8.2 8.28644
8.3 8.29055
8.4 8.28396
8.5 8.27558
8.6 8.26829
8.7 8.26473
8.8 8.27096
8.9 8.2776
9 8.28288
9.1 8.28375
9.2 8.27598
9.3 8.26906
9.4 8.26368
9.5 8.26333
9.6 8.27043
9.7 8.27567
9.8 8.27933
9.9 8.27751
10 8.26964
10.1 8.26444
10.2 8.2609
10.3 8.26322
10.4 8.27012
10.5 8.27385
10.6 8.27588
10.7 8.27195
10.8 8.26497
10.9 8.26146
11 8.25974
11.1 8.26395
11.2 8.26973
11.3 8.27206
11.4 8.27247
11.5 8.26728
11.6 8.26185
11.7 8.25971
11.8 8.2597
11.9 8.2648
12 8.26903
12.1 8.27026
12.2 8.26915
12.3 8.26363
12.4 8.25991
12.5 8.25886
12.6 8.26036
12.7 8.26545
12.8 8.2681
12.9 8.2684
13 8.26603
13.1 8.261
13.2 8.25882
13.3 8.25871
13.4 8.26133
13.5 8.26568
13.6 8.26698
13.7 8.26647
13.8 8.26331
13.9 8.2593
14 8.25836
14.1 8.25906
14.2 8.26225
14.3 8.26548
14.4 8.26577
14.5 8.26456
14.6 8.26114
14.6635 8.25907
