0 0
0.1 0.0096092
0.2 0.0637982
0.3 0.164622
0.4 0.313778
0.5 0.526926
0.6 0.781629
0.7 1.07477
0.8 1.39567
0.9 1.72666
1 2.07922
1.1 2.44555
1.2 2.82738
1.3 3.22659
1.4 3.6231
1.5 4.01433
1.6 4.38843
1.7 4.73887
1.8 5.07635
1.9 5.39805
2 5.71127
2.1 6.0167
2.2 6.30409
2.3 6.57538
2.4 6.82453
2.5 7.05399
2.6 7.27349
2.7 7.48224
2.8 7.68531
2.9 7.87759
3 8.04859
3.1 8.19541
3.2 8.31014
3.3 8.39483
3.4 8.45524
3.5 8.4924
3.6 8.5133
3.7 8.5185
3.8 8.51061
3.9 8.50033
4 8.49875
4.1 8.51762
4.2 8.53628
4.3 8.55624
4.4 8.57904
4.5 8.5793
4.6 8.56973
4.7 8.5492
4.8 8.523
4.9 8.51331
5 8.50951
5.1 8.51468
5.2 8.52166
5.3 8.51407
5.4 8.50247
5.5 8.48452
5.6 8.46935
5.7 8.46907
5.8 8.47383
5.9 8.485
6 8.49241
6.1 8.48732
6.2 8.4786
6.3 8.4656
6.4 8.45848
6.5 8.46286
6.6 8.47049
6.7 8.48107
6.8 8.48476
6.9 8.47841
7 8.46959
7.1 8.45931
7.2 8.45665
7.3 8.46274
7.4 8.47057
7.5 8.47859
7.6 8.47866
7.7 8.47135
7.8 8.46309
7.9 8.45582
8 8.45659
8.1 8.46349
8.2 8.47064
8.3 8.47586
8.4 8.47327
8.5 8.46581
8.6 8.45882
8.7 8.45454
8.8 8.45771
8.9 8.46458
9 8.47039
9.1 8.47293
9.2 8.46856
9.3 8.46162
9.4 8.45628
9.5 8.45465
9.6 8.45928
9.7 8.4655
9.8 8.46969
9.9 8.46995
10 8.4647
10.1 8.45878
10.2 8.45524
10.3 8.45575
10.4 8.46099
10.5 8.46612
10.6 8.46863
10.7 8.46711
10.8 8.46169
10.9 8.45705
11 8.45521
11.1 8.45729
11.2 8.46246
11.3 8.46629
11.4 8.46725
11.5 8.46452
11.6 8.4595
11.7 8.45626
11.8 8.45591
11.9 8.45895
12 8.46354
12.1 8.46602
12.2 8.46566
12.3 8.46228
12.4 8.45804
12.5 8.45613
12.6 8.45697
12.7 8.46041
12.8 8.46411
12.9 8.46534
13 8.46398
13.1 8.46045
13.2 8.45721
13.3 8.45649
13.4 8.45817
13.5 8.46157
13.6 8.46423
13.7 8.46439
13.8 8.46239
13.9 8.45911
14 8.45693
14.1 8.45718
14.2 8.45934
14.3 8.46236
14.3695 8.46374
