0 0
0.1 0.0131355
0.2 0.0964907
0.3 0.249642
0.4 0.473509
0.5 0.79294
0.6 1.17528
0.7 1.61584
0.8 2.10447
0.9 2.62091
1 3.17974
1.1 3.78087
1.2 4.41836
1.3 5.09656
1.4 5.79075
1.5 6.48692
1.6 7.18322
1.7 7.86484
1.8 8.54746
1.9 9.23254
2 9.91296
2.1 10.5927
2.2 11.2487
2.3 11.876
2.4 12.4733
2.5 13.034
2.6 13.5705
2.7 14.0778
2.8 14.548
2.9 14.9742
3 15.3374
3.1 15.6324
3.2 15.8599
3.3 16.021
3.4 16.1286
3.5 16.1875
3.6 16.2008
3.7 16.1786
3.8 16.1272
3.9 16.0681
4 16.0312
4.1 16.0322
4.2 16.0383
4.3 16.0509
4.4 16.0661
4.5 16.051
4.6 16.0234
4.7 15.9896
4.8 15.9599
4.9 15.9579
5 15.9715
5.1 15.9882
5.2 16.0021
5.3 15.9931
5.4 15.9743
5.5 15.9601
5.6 15.9523
5.7 15.9681
5.8 15.9894
5.9 16.0038
6 16.0094
6.1 15.9928
6.2 15.9747
6.3 15.9637
6.4 15.963
6.5 15.9794
6.6 15.9937
6.7 15.9989
6.8 15.9929
6.9 15.9744
7 15.9602
7.1 15.9572
7.2 15.9648
7.3 15.9816
7.4 15.9925
7.5 15.9916
7.6 15.9822
7.7 15.9669
7.8 15.9598
7.9 15.9641
8 15.975
8.1 15.9889
8.2 15.9929
8.3 15.9864
8.4 15.9749
8.5 15.9632
8.6 15.962
8.7 15.9699
8.8 15.9808
8.9 15.9894
9 15.9877
9.1 15.9783
9.2 15.9681
9.3 15.9621
9.4 15.9659
9.5 15.9758
9.6 15.9846
9.7 15.9881
9.8 15.9825
9.9 15.9728
10 15.9659
10.1 15.9649
10.2 15.9718
10.3 15.981
10.4 15.9861
10.5 15.985
10.6 15.9773
10.7 15.9691
10.8 15.9659
10.9 15.9687
11 15.9766
11.1 15.9835
11.2 15.9848
11.3 15.9806
11.4 15.9729
11.5 15.9675
11.6 15.9679
11.7 15.9731
11.8 15.9802
11.9 15.984
12 15.9822
12.1 15.9765
12.2 15.9702
12.3 15.968
12.4 15.9711
12.5 15.9769
12.6 15.9821
12.7 15.9828
12.8 15.9788
12.9 15.9732
13 15.9692
13.1 15.9699
13.2 15.9744
13.3 15.9795
13.4 15.9822
13.5 15.9804
13.6 15.9757
13.7 15.9713
13.8 15.9698
13.9 15.9725
14 15.9772
14.034 15.9786
