0 0
0.1 0.000460067
0.2 0.033287
0.3 0.140613
0.4 0.354115
0.5 0.710649
0.6 1.19567
0.7 1.75707
0.8 2.35155
0.9 2.93398
1 3.48652
1.1 4.03275
1.2 4.5957
1.3 5.19351
1.4 5.83213
1.5 6.48363
1.6 7.11227
1.7 7.69274
1.8 8.20919
1.9 8.67252
2 9.11116
2.1 9.54729
2.2 9.99593
2.3 10.4559
2.4 10.9079
2.5 11.334
2.6 11.7245
2.7 12.0781
2.8 12.4077
2.9 12.7259
3 13.0348
3.1 13.3266
3.2 13.5814
3.3 13.7743
3.4 13.8903
3.5 13.9272
3.6 13.8968
3.7 13.8244
3.8 13.7377
3.9 13.6616
4 13.6188
4.1 13.629
4.2 13.68
4.3 13.7444
4.4 13.7969
4.5 13.7957
4.6 13.7384
4.7 13.6574
4.8 13.5797
4.9 13.539
5 13.5493
5.1 13.5864
5.2 13.624
5.3 13.6366
5.4 13.6071
5.5 13.5499
5.6 13.4904
5.7 13.4494
5.8 13.443
5.9 13.4651
6 13.4932
6.1 13.5084
6.2 13.4971
6.3 13.4601
6.4 13.4155
6.5 13.3811
6.6 13.3684
6.7 13.3793
6.8 13.4011
6.9 13.4171
7 13.4175
7.1 13.3996
7.2 13.372
7.3 13.3494
7.4 13.3414
7.5 13.3501
7.6 13.3702
7.7 13.3891
7.8 13.3969
7.9 13.3909
8 13.3747
8.1 13.3578
8.2 13.3496
8.3 13.3534
8.4 13.3665
8.5 13.3816
8.6 13.3904
8.7 13.3887
8.8 13.3783
8.9 13.365
9 13.3559
9.1 13.3553
9.2 13.3627
9.3 13.3734
9.4 13.3815
9.5 13.3826
9.6 13.3766
9.7 13.367
9.8 13.3588
9.9 13.3562
10 13.36
10.1 13.3675
10.2 13.3744
10.3 13.3771
10.4 13.3743
10.5 13.3677
10.6 13.3611
10.7 13.3578
10.8 13.3591
10.9 13.364
11 13.3696
11.1 13.3727
11.2 13.372
11.3 13.3679
11.4 13.3628
11.5 13.3594
11.6 13.3593
11.7 13.3623
11.8 13.3664
11.9 13.3694
12 13.3698
12.1 13.3675
12.2 13.3638
12.3 13.3608
12.4 13.3598
12.5 13.3614
12.6 13.3642
12.7 13.3669
12.8 13.3678
12.9 13.3667
13 13.3642
13.1 13.3617
13.2 13.3604
13.3 13.361
13.4 13.3628
13.5 13.3649
13.6 13.3661
13.7 13.3657
13.8 13.3642
13.9 13.3622
14 13.3609
14.1 13.3609
14.2 13.362
14.3 13.3636
14.4 13.3647
14.5 13.3648
14.6 13.3639
14.7 13.3625
14.8 13.3613
14.9 13.361
15 13.3616
15.1 13.3627
15.2 13.3637
15.3 13.364
15.4 13.3636
15.5 13.3626
15.6 13.3616
15.7 13.3612
15.8 13.3614
15.9 13.3621
16 13.3629
16.1 13.3633
16.2 13.3632
16.3 13.3626
16.4 13.3618
16.5 13.3613
16.5815 13.3613
