0 0
0.1 0.00103929
0.2 0.0465
0.3 0.200633
0.4 0.512038
0.5 1.03577
0.6 1.77884
0.7 2.6809
0.8 3.68008
0.9 4.72715
1 5.78238
1.1 6.8509
1.2 7.96627
1.3 9.14673
1.4 10.3973
1.5 11.7072
1.6 13.0379
1.7 14.3497
1.8 15.6247
1.9 16.8604
2 18.0722
2.1 19.2908
2.2 20.5381
2.3 21.8195
2.4 23.13
2.5 24.4525
2.6 25.7648
2.7 27.0512
2.8 28.2993
2.9 29.494
3 30.6165
3.1 31.6396
3.2 32.5274
3.3 33.2459
3.4 33.7722
3.5 34.1007
3.6 34.2481
3.7 34.2512
3.8 34.1591
3.9 34.0262
4 33.9077
4.1 33.8564
4.2 33.8794
4.3 33.9476
4.4 34.0294
4.5 34.0668
4.6 34.0297
4.7 33.9484
4.8 33.8598
4.9 33.7964
5 33.7884
5.1 33.8278
5.2 33.8775
5.3 33.9092
5.4 33.9042
5.5 33.8579
5.6 33.7937
5.7 33.7417
5.8 33.7174
5.9 33.7252
6 33.7549
6.1 33.7831
6.2 33.7926
6.3 33.7788
6.4 33.7453
6.5 33.7053
6.6 33.675
6.7 33.6621
6.8 33.6662
6.9 33.681
7 33.6954
7.1 33.7003
7.2 33.6943
7.3 33.6815
7.4 33.6693
7.5 33.6653
7.6 33.6722
7.7 33.6869
7.8 33.7035
7.9 33.716
8 33.7205
8.1 33.7181
8.2 33.7132
8.3 33.7103
8.4 33.7126
8.5 33.72
8.6 33.7294
8.7 33.7366
8.8 33.7391
8.9 33.7363
9 33.7305
9.1 33.7252
9.2 33.7229
9.3 33.7245
9.4 33.7286
9.5 33.7327
9.6 33.7344
9.7 33.733
9.8 33.7292
9.9 33.7249
10 33.7222
10.1 33.7222
10.2 33.7244
10.3 33.7275
10.4 33.7298
10.5 33.7301
10.6 33.7286
10.7 33.7262
10.8 33.7243
10.9 33.7239
11 33.7251
11.1 33.7272
11.2 33.7291
11.3 33.73
11.4 33.7295
11.5 33.728
11.6 33.7265
11.7 33.7257
11.8 33.726
11.9 33.727
12 33.7282
12.1 33.7288
12.2 33.7286
12.3 33.7277
12.4 33.7265
12.5 33.7256
12.6 33.7254
12.7 33.7258
12.8 33.7264
12.9 33.7269
13 33.7269
13.1 33.7264
13.2 33.7256
13.3 33.7249
13.4 33.7245
13.5 33.7246
13.6 33.725
13.7 33.7254
13.8 33.7255
13.9 33.7253
14 33.7248
14.1 33.7243
14.2 33.724
14.3 33.724
14.4 33.7242
14.5 33.7245
14.6 33.7246
14.7 33.7246
14.8 33.7243
14.9 33.724
15 33.7238
15.1 33.7237
15.2 33.7238
15.3 33.724
15.3305 33.724
