0 0
0.1 0.000468319
0.2 0.0259908
0.3 0.099946
0.4 0.239474
0.5 0.469543
0.6 0.771284
0.7 1.11443
0.8 1.47645
0.9 1.82672
1 2.16778
1.1 2.51769
1.2 2.88455
1.3 3.2818
1.4 3.69858
1.5 4.10647
1.6 4.48823
1.7 4.82584
1.8 5.12006
1.9 5.39178
2 5.65364
2.1 5.91739
2.2 6.18292
2.3 6.43173
2.4 6.65224
2.5 6.83693
2.6 6.98644
2.7 7.11758
2.8 7.24219
2.9 7.36516
3 7.48451
3.1 7.58367
3.2 7.64824
3.3 7.67177
3.4 7.65452
3.5 7.61031
3.6 7.55499
3.7 7.49938
3.8 7.45175
3.9 7.41353
4 7.38776
4.1 7.38668
4.2 7.4025
4.3 7.42846
4.4 7.45799
4.5 7.46002
4.6 7.43609
4.7 7.39698
4.8 7.34951
4.9 7.3208
5 7.31434
5.1 7.31899
5.2 7.32922
5.3 7.32381
5.4 7.29734
5.5 7.26178
5.6 7.22317
5.7 7.19834
5.8 7.19436
5.9 7.19985
6 7.20819
6.1 7.2065
6.2 7.18714
6.3 7.16031
6.4 7.13347
6.5 7.11646
6.6 7.11674
6.7 7.12568
6.8 7.13507
6.9 7.13712
7 7.12513
7.1 7.10591
7.2 7.08796
7.3 7.07765
7.4 7.08053
7.5 7.09125
7.6 7.10136
7.7 7.1052
7.8 7.09827
7.9 7.0847
8 7.07248
8.1 7.06665
8.2 7.07069
8.3 7.08123
8.4 7.09077
8.5 7.09456
8.6 7.08984
8.7 7.07933
8.8 7.06988
8.9 7.06583
9 7.06934
9.1 7.07811
9.2 7.08591
9.3 7.0887
9.4 7.08486
9.5 7.0763
9.6 7.06863
9.7 7.06567
9.8 7.0686
9.9 7.07575
10 7.08219
10.1 7.08426
10.2 7.08112
10.3 7.07429
10.4 7.06806
10.5 7.0659
10.6 7.06844
10.7 7.0742
10.8 7.0795
10.9 7.08108
11 7.07841
11.1 7.07296
11.2 7.06793
11.3 7.06627
11.4 7.06849
11.5 7.07314
11.6 7.07741
11.7 7.07866
11.8 7.0764
11.9 7.07199
12 7.06797
12.1 7.06669
12.2 7.06858
12.3 7.07238
12.4 7.07581
12.5 7.07677
12.6 7.07488
12.7 7.0713
12.8 7.06809
12.9 7.06711
13 7.06872
13.1 7.07181
13.2 7.07456
13.3 7.0753
13.4 7.07371
13.5 7.07081
13.5655 7.069
