0 0
0.1 0.00758382
0.2 0.0681147
0.3 0.190964
0.4 0.370708
0.5 0.629243
0.6 0.938756
0.7 1.27438
0.8 1.62767
0.9 1.97484
1 2.32235
1.1 2.68536
1.2 3.0591
1.3 3.44746
1.4 3.83677
1.5 4.20058
1.6 4.53507
1.7 4.83367
1.8 5.10257
1.9 5.36238
2 5.6143
2.1 5.86007
2.2 6.09388
2.3 6.29903
2.4 6.47565
2.5 6.62691
2.6 6.76054
2.7 6.89134
2.8 7.01993
2.9 7.14005
3 7.24204
3.1 7.31113
3.2 7.34355
3.3 7.34458
3.4 7.32233
3.5 7.28985
3.6 7.25383
3.7 7.2148
3.8 7.1757
3.9 7.14104
4 7.12539
4.1 7.14598
4.2 7.17486
4.3 7.2083
4.4 7.24858
4.5 7.2565
4.6 7.23888
4.7 7.20902
4.8 7.17089
4.9 7.15489
5 7.16277
5.1 7.17728
5.2 7.19408
5.3 7.19157
5.4 7.16595
5.5 7.1374
5.6 7.11157
5.7 7.10454
5.8 7.11979
5.9 7.13704
6 7.14922
6.1 7.14466
6.2 7.12138
6.3 7.09823
6.4 7.0836
6.5 7.08523
6.6 7.10312
6.7 7.12028
6.8 7.12728
6.9 7.11962
7 7.09904
7.1 7.08066
7.2 7.07418
7.3 7.08134
7.4 7.09891
7.5 7.11329
7.6 7.11521
7.7 7.10486
7.8 7.08682
7.9 7.0732
8 7.07233
8.1 7.08255
8.2 7.09819
8.3 7.10842
8.4 7.10619
8.5 7.09417
8.6 7.07891
8.7 7.06993
8.8 7.07292
8.9 7.08445
9 7.09735
9.1 7.10334
9.2 7.09813
9.3 7.08575
9.4 7.07364
9.5 7.06893
9.6 7.0746
9.7 7.08612
9.8 7.09603
9.9 7.09829
10 7.09118
10.1 7.07954
10.2 7.07064
10.3 7.06951
10.4 7.07675
10.5 7.08724
10.6 7.09412
10.7 7.09333
10.8 7.08525
10.9 7.07513
11 7.06931
11.1 7.07097
11.2 7.07884
11.3 7.0877
11.4 7.09177
11.5 7.08872
11.6 7.08052
11.7 7.07234
11.8 7.06929
11.9 7.07289
12 7.08063
12.1 7.08751
12.2 7.0891
12.3 7.08458
12.4 7.0769
12.5 7.07082
12.6 7.07008
12.7 7.07485
12.8 7.08188
12.9 7.08671
13 7.08629
13.1 7.08102
13.2 7.07431
13.3 7.0703
13.4 7.07137
13.5 7.07662
13.6 7.08257
13.7 7.08546
13.8 7.08354
13.9 7.07811
14 7.07266
14.069 7.07071
