0 0
0.1 0.00805818
0.2 0.108906
0.3 0.375109
0.4 0.787862
0.5 1.35681
0.6 2.09621
0.7 2.91246
0.8 3.7111
0.9 4.51164
1 5.33646
1.1 6.18098
1.2 7.0832
1.3 8.07181
1.4 9.08423
1.5 10.0511
1.6 10.9667
1.7 11.8253
1.8 12.6296
1.9 13.434
2 14.2892
2.1 15.1779
2.2 16.07
2.3 16.956
2.4 17.8123
2.5 18.6284
2.6 19.4399
2.7 20.282
2.8 21.1419
2.9 21.9899
3 22.7874
3.1 23.4708
3.2 23.9914
3.3 24.3503
3.4 24.5729
3.5 24.6816
3.6 24.7094
3.7 24.6847
3.8 24.6143
3.9 24.5122
4 24.4252
4.1 24.4094
4.2 24.4375
4.3 24.4701
4.4 24.5282
4.5 24.5681
4.6 24.5164
4.7 24.4215
4.8 24.3678
4.9 24.3482
5 24.363
5.1 24.4312
5.2 24.4987
5.3 24.4947
5.4 24.4408
5.5 24.3827
5.6 24.3267
5.7 24.3042
5.8 24.3445
5.9 24.4068
6 24.4321
6.1 24.4186
6.2 24.3769
6.3 24.3109
6.4 24.2622
6.5 24.2688
6.6 24.311
6.7 24.3494
6.8 24.3701
6.9 24.3575
7 24.3051
7.1 24.2485
7.2 24.2265
7.3 24.2397
7.4 24.2717
7.5 24.3085
7.6 24.3224
7.7 24.2958
7.8 24.2501
7.9 24.2164
8 24.2077
8.1 24.2273
8.2 24.2683
8.3 24.3016
8.4 24.3028
8.5 24.2765
8.6 24.241
8.7 24.2132
8.8 24.2098
8.9 24.2354
9 24.2697
9.1 24.2884
9.2 24.2834
9.3 24.2581
9.4 24.225
9.5 24.2052
9.6 24.2122
9.7 24.2379
9.8 24.2645
9.9 24.2778
10 24.2693
10.1 24.2428
10.2 24.2162
10.3 24.2069
10.4 24.218
10.5 24.2416
10.6 24.2644
10.7 24.2716
10.8 24.2582
10.9 24.2342
11 24.2153
11.1 24.2116
11.2 24.225
11.3 24.2477
11.4 24.2649
11.5 24.2655
11.6 24.2509
11.7 24.2306
11.8 24.2166
11.9 24.2176
12 24.2332
12.1 24.2527
12.2 24.2638
12.3 24.2608
12.4 24.246
12.5 24.2284
12.6 24.2194
12.7 24.2246
12.8 24.2399
12.9 24.2555
13 24.2624
13.1 24.2566
13.2 24.2418
13.3 24.2278
13.4 24.2235
13.5 24.2307
13.6 24.2448
13.7 24.2572
13.8 24.2602
13.9 24.2522
14 24.2388
14.1 24.2285
14.2 24.2273
14.3 24.2357
14.4 24.2485
14.5 24.2574
14.6 24.2571
14.7 24.2483
14.8 24.2367
14.9 24.2294
15 24.2308
15.1 24.2399
15.2 24.2506
15.3 24.2563
15.4 24.2538
15.5 24.245
15.6 24.2352
15.7 24.2308
15.8 24.2341
15.9 24.2429
16 24.2514
16.1 24.2546
16.2 24.2507
16.3 24.2421
16.4 24.2345
16.5 24.2325
16.6 24.237
16.7 24.245
16.8 24.2516
16.9 24.2526
17 24.2477
17.1 24.2401
17.2 24.2345
17.3 24.2343
17.4 24.2394
17.5 24.2465
17.6 24.2511
17.7 24.2505
17.8 24.2452
17.9 24.2387
18 24.2349
18.1 24.2361
18.2 24.2414
18.3 24.2473
18.4 24.2502
18.5 24.2484
18.6 24.2432
18.7 24.2379
18.8 24.2357
18.9 24.2379
19 24.2429
19.1 24.2476
19.2 24.249
19.3 24.2465
19.4 24.2416
19.5 24.2375
19.6 24.2366
19.7 24.2394
19.8 24.244
19.9 24.2475
20 24.2478
20.1 24.2448
20.2 24.2405
20.3 24.2375
20.4 24.2377
20.5 24.2407
20.6 24.2447
20.7 24.2471
20.8 24.2465
20.9 24.2434
21 24.2398
21.1 24.2378
21.2 24.2387
21.3 24.2418
21.4 24.245
21.5 24.2465
21.6 24.2453
21.7 24.2423
21.8 24.2393
21.9 24.2383
22 24.2397
22.1 24.2426
22.2 24.2451
22.3 24.2458
22.342 24.2453
