0 0
0.1 0.0101379
0.2 0.115762
0.3 0.374411
0.4 0.772411
0.5 1.33293
0.6 2.05454
0.7 2.85842
0.8 3.6977
0.9 4.56865
1 5.45849
1.1 6.38881
1.2 7.38693
1.3 8.43989
1.4 9.51135
1.5 10.5706
1.6 11.5874
1.7 12.5559
1.8 13.5035
1.9 14.4584
2 15.4368
2.1 16.439
2.2 17.4485
2.3 18.4433
2.4 19.4188
2.5 20.3857
2.6 21.3608
2.7 22.3552
2.8 23.3583
2.9 24.3348
3 25.2358
3.1 26.0162
3.2 26.6464
3.3 27.1204
3.4 27.4498
3.5 27.6529
3.6 27.7473
3.7 27.7495
3.8 27.6807
3.9 27.5759
4 27.4887
4.1 27.4762
4.2 27.5104
4.3 27.5522
4.4 27.6088
4.5 27.6316
4.6 27.58
4.7 27.5066
4.8 27.4555
4.9 27.4372
5 27.4722
5.1 27.5344
5.2 27.5702
5.3 27.5589
5.4 27.5114
5.5 27.448
5.6 27.4079
5.7 27.4154
5.8 27.4542
5.9 27.4943
6 27.5079
6.1 27.4811
6.2 27.4275
6.3 27.3807
6.4 27.3649
6.5 27.3844
6.6 27.423
6.7 27.4514
6.8 27.4484
6.9 27.4152
7 27.3721
7.1 27.3439
7.2 27.3466
7.3 27.375
7.4 27.4076
7.5 27.4219
7.6 27.408
7.7 27.3741
7.8 27.3411
7.9 27.3288
8 27.3426
8.1 27.3719
8.2 27.3967
8.3 27.4013
8.4 27.3839
8.5 27.3571
8.6 27.3391
8.7 27.3415
8.8 27.3625
8.9 27.3882
9 27.4024
9.1 27.3967
9.2 27.3759
9.3 27.3538
9.4 27.3447
9.5 27.3536
9.6 27.3738
9.7 27.3918
9.8 27.3959
9.9 27.384
10 27.3642
10.1 27.3494
10.2 27.3487
10.3 27.3617
10.4 27.3795
10.5 27.3904
10.6 27.3877
10.7 27.3737
10.8 27.3579
10.9 27.3505
11 27.3558
11.1 27.37
11.2 27.3835
11.3 27.3879
11.4 27.3808
11.5 27.3673
11.6 27.3565
11.7 27.3552
11.8 27.3639
11.9 27.3767
12 27.3852
12.1 27.3844
12.2 27.3752
12.3 27.364
12.4 27.3582
12.5 27.3612
12.6 27.3709
12.7 27.3809
12.8 27.3847
12.9 27.3805
13 27.3712
13.1 27.3632
13.2 27.3616
13.3 27.3671
13.4 27.3761
13.5 27.3826
13.6 27.3827
13.7 27.3767
13.8 27.3687
13.9 27.364
14 27.3656
14.1 27.3721
14.2 27.3793
14.3 27.3825
14.4 27.38
14.5 27.3736
14.6 27.3676
14.7 27.366
14.8 27.3694
14.9 27.3757
15 27.3805
15.1 27.381
15.2 27.3771
15.3 27.3714
15.4 27.3677
15.5 27.3683
15.6 27.3726
15.7 27.3777
15.8 27.3803
15.9 27.3789
16 27.3745
16.1 27.3701
16.2 27.3685
16.3 27.3706
16.4 27.3749
16.5 27.3785
16.6 27.3792
16.7 27.3766
16.8 27.3725
16.9 27.3697
17 27.3698
17.1 27.3726
17.2 27.3763
17.3 27.3783
17.4 27.3776
17.5 27.3746
17.6 27.3714
17.7 27.37
17.8 27.3712
17.9 27.3742
18 27.3768
18.1 27.3775
18.2 27.3759
18.3 27.3731
18.4 27.3709
18.5 27.3707
18.6 27.3726
18.7 27.3752
18.8 27.3768
18.9 27.3764
19 27.3744
19.1 27.3721
19.2 27.371
19.3 27.3717
19.4 27.3737
19.5 27.3756
19.6 27.3763
19.7 27.3753
19.8 27.3733
19.9 27.3717
20 27.3714
20.1 27.3726
20.2 27.3744
20.3 27.3757
20.4 27.3756
20.5 27.3743
20.6 27.3726
20.7 27.3717
20.8 27.372
20.9 27.3734
21 27.3748
21.1 27.3754
21.2 27.3748
21.3 27.3734
21.4 27.3722
21.5 27.3719
21.6 27.3727
21.7 27.3739
21.8 27.3749
21.9 27.3749
21.982 27.3742
