0 0
0.1 0.001337
0.2 0.043072
0.3 0.168965
0.4 0.402393
0.5 0.780543
0.6 1.29182
0.7 1.87748
0.8 2.4986
0.9 3.12098
1 3.72452
1.1 4.33596
1.2 4.98208
1.3 5.66686
1.4 6.38844
1.5 7.11841
1.6 7.81328
1.7 8.45436
1.8 9.03986
1.9 9.58147
2 10.1101
2.1 10.6464
2.2 11.1896
2.3 11.731
2.4 12.2519
2.5 12.7343
2.6 13.1791
2.7 13.5974
2.8 14.0009
2.9 14.3994
3 14.7872
3.1 15.1419
3.2 15.4387
3.3 15.6563
3.4 15.7845
3.5 15.8319
3.6 15.8179
3.7 15.7651
3.8 15.6963
3.9 15.6299
4 15.5831
4.1 15.5788
4.2 15.6068
4.3 15.6453
4.4 15.685
4.5 15.6859
4.6 15.6367
4.7 15.5702
4.8 15.5052
4.9 15.4639
5 15.4666
5.1 15.4924
5.2 15.5132
5.3 15.516
5.4 15.4867
5.5 15.4336
5.6 15.3857
5.7 15.358
5.8 15.3561
5.9 15.3772
6 15.3989
6.1 15.4025
6.2 15.3854
6.3 15.3517
6.4 15.3161
6.5 15.2974
6.6 15.2999
6.7 15.3172
6.8 15.3383
6.9 15.3477
7 15.3385
7.1 15.3169
7.2 15.293
7.3 15.2782
7.4 15.28
7.5 15.2942
7.6 15.3109
7.7 15.3208
7.8 15.3178
7.9 15.3039
8 15.2882
8.1 15.279
8.2 15.2811
8.3 15.2932
8.4 15.3078
8.5 15.3169
8.6 15.3165
8.7 15.3076
8.8 15.2959
8.9 15.2888
9 15.29
9.1 15.2984
9.2 15.3094
9.3 15.3166
9.4 15.3163
9.5 15.3095
9.6 15.3003
9.7 15.294
9.8 15.2939
9.9 15.2996
10 15.3075
10.1 15.3129
10.2 15.313
10.3 15.3079
10.4 15.3009
10.5 15.2957
10.6 15.2951
10.7 15.2991
10.8 15.305
10.9 15.3093
11 15.3097
11.1 15.3061
11.2 15.3008
11.3 15.2967
11.4 15.296
11.5 15.2987
11.6 15.3031
11.7 15.3065
11.8 15.3071
11.9 15.3046
12 15.3007
12.1 15.2974
12.2 15.2966
12.3 15.2985
12.4 15.3018
12.5 15.3045
12.6 15.3051
12.7 15.3034
12.8 15.3005
12.9 15.298
13 15.2972
13.1 15.2984
13.2 15.3009
13.3 15.303
13.4 15.3036
13.5 15.3025
13.6 15.3003
13.7 15.2983
13.8 15.2976
13.9 15.2984
14 15.3002
14.1 15.3019
14.2 15.3024
14.3 15.3017
14.4 15.3
14.5 15.2985
14.6 15.2979
14.7 15.2984
14.8 15.2997
14.9 15.301
15 15.3015
15.1 15.301
15.2 15.2998
15.3 15.2986
15.4 15.2981
15.5 15.2984
15.6 15.2994
15.7 15.3004
15.8 15.3008
15.9 15.3005
16 15.2996
16.1 15.2987
16.2 15.2983
16.3 15.2985
16.4 15.2992
16.5 15.2999
16.6 15.3003
16.7 15.3001
16.8 15.2995
16.9 15.2988
17 15.2984
17.1 15.2985
17.2 15.299
17.3 15.2996
17.4 15.2999
17.5 15.2998
17.6 15.2993
17.7 15.2988
17.706 15.2988
