0 0
0.1 0.01425
0.2 0.102973
0.3 0.255766
0.4 0.468268
0.5 0.764019
0.6 1.09842
0.7 1.4642
0.8 1.84995
0.9 2.23077
1 2.62337
1.1 3.03235
1.2 3.4455
1.3 3.87495
1.4 4.29422
1.5 4.68414
1.6 5.05526
1.7 5.38497
1.8 5.69898
1.9 6.00729
2 6.29924
2.1 6.5929
2.2 6.86372
2.3 7.10839
2.4 7.33587
2.5 7.53895
2.6 7.7374
2.7 7.93733
2.8 8.12877
2.9 8.31309
3 8.47353
3.1 8.59637
3.2 8.69119
3.3 8.75087
3.4 8.78744
3.5 8.81219
3.6 8.81477
3.7 8.80891
3.8 8.79252
3.9 8.77485
4 8.7877
4.1 8.83361
4.2 8.8721
4.3 8.91443
4.4 8.95089
4.5 8.94804
4.6 8.93082
4.7 8.89874
4.8 8.86788
4.9 8.86407
5 8.87386
5.1 8.88771
5.2 8.89949
5.3 8.88436
5.4 8.85701
5.5 8.83268
5.6 8.81066
5.7 8.81811
5.8 8.83358
5.9 8.84514
6 8.85254
6.1 8.83304
6.2 8.81029
6.3 8.79285
6.4 8.78398
6.5 8.79757
6.6 8.81413
6.7 8.82306
6.8 8.82271
6.9 8.80469
7 8.78434
7.1 8.77583
7.2 8.77555
7.3 8.79125
7.4 8.80738
7.5 8.80992
7.6 8.8058
7.7 8.7875
7.8 8.7722
7.9 8.77043
8 8.77546
8.1 8.79172
8.2 8.80299
8.3 8.80132
8.4 8.79281
8.5 8.77703
8.6 8.76675
8.7 8.76977
8.8 8.77855
8.9 8.79164
9 8.799
9.1 8.79272
9.2 8.78271
9.3 8.77022
9.4 8.76441
9.5 8.77159
9.6 8.78085
9.7 8.79107
9.8 8.79366
9.9 8.78485
10 8.77496
10.1 8.7661
10.2 8.76505
10.3 8.77391
10.4 8.78297
10.5 8.7891
10.6 8.78803
10.7 8.77817
10.8 8.76941
10.9 8.76481
11 8.76677
11.1 8.77646
11.2 8.78363
11.3 8.7861
11.4 8.78244
11.5 8.77255
11.6 8.7662
11.7 8.76492
11.8 8.76932
11.9 8.77827
12 8.78315
12.1 8.78255
12.2 8.77717
12.3 8.76866
12.4 8.76467
12.5 8.76639
12.6 8.7718
12.7 8.77923
12.8 8.7817
12.9 8.77863
13 8.77289
13.1 8.76612
13.2 8.76469
13.3 8.76832
13.4 8.77381
13.5 8.7793
13.6 8.77941
13.7 8.77499
13.8 8.76952
13.9 8.765
14 8.76564
14.1 8.77033
14.2 8.77519
14.3 8.77845
14.4 8.77684
14.5 8.77175
14.5035 8.7716
