0 0
0.1 0.00682575
0.2 0.0634992
0.3 0.174499
0.4 0.333844
0.5 0.567838
0.6 0.841798
0.7 1.13181
0.8 1.43599
0.9 1.72672
1 2.01545
1.1 2.32259
1.2 2.63734
1.3 2.96648
1.4 3.29936
1.5 3.60154
1.6 3.87692
1.7 4.12068
1.8 4.33204
1.9 4.54283
2 4.74792
2.1 4.94514
2.2 5.13732
2.3 5.29711
2.4 5.42748
2.5 5.53663
2.6 5.62327
2.7 5.70875
2.8 5.79441
2.9 5.86702
3 5.92447
3.1 5.95014
3.2 5.9365
3.3 5.89795
3.4 5.83864
3.5 5.77127
3.6 5.71052
3.7 5.64892
3.8 5.5916
3.9 5.54551
4 5.51476
4.1 5.52171
4.2 5.53789
4.3 5.5581
4.4 5.59261
4.5 5.59232
4.6 5.56887
4.7 5.54105
4.8 5.50113
4.9 5.4858
5 5.49736
5.1 5.50848
5.2 5.52505
5.3 5.52475
5.4 5.49523
5.5 5.47
5.6 5.44642
5.7 5.43579
5.8 5.45552
5.9 5.47113
6 5.48094
6.1 5.48134
6.2 5.45519
6.3 5.43267
6.4 5.42115
6.5 5.41838
6.6 5.43779
6.7 5.45634
6.8 5.46049
6.9 5.45672
7 5.43655
7.1 5.41539
7.2 5.41146
7.3 5.41583
7.4 5.43168
7.5 5.44996
7.6 5.45011
7.7 5.44155
7.8 5.42604
7.9 5.40812
8 5.40798
8.1 5.41737
8.2 5.43029
8.3 5.4446
8.4 5.44287
8.5 5.43081
8.6 5.41792
8.7 5.40547
8.8 5.40669
8.9 5.41897
9 5.43012
9.1 5.43883
9.2 5.43641
9.3 5.42276
9.4 5.41161
9.5 5.40483
9.6 5.40708
9.7 5.42005
9.8 5.42988
9.9 5.43369
10 5.43012
10.1 5.41713
10.2 5.40739
10.3 5.40504
10.4 5.40896
10.5 5.42055
10.6 5.42917
10.7 5.42944
10.8 5.4242
10.9 5.41334
11 5.40509
11.1 5.40575
11.2 5.41146
11.3 5.4208
11.4 5.42783
11.5 5.42586
11.6 5.41918
11.7 5.41066
11.8 5.40441
11.9 5.40682
12 5.41374
12.1 5.42102
12.2 5.42582
12.3 5.42271
12.4 5.41526
12.5 5.40864
12.6 5.4049
12.7 5.4081
12.8 5.41546
12.9 5.42112
13 5.42344
13.1 5.41986
13.2 5.41244
13.3 5.40731
13.4 5.40599
13.5 5.40959
13.6 5.41658
13.7 5.42093
13.8 5.42109
13.9 5.41721
14 5.41056
14.0135 5.40979
