0 0
0.1 0.00584153
0.2 0.0440086
0.3 0.117567
0.4 0.22797
0.5 0.390107
0.6 0.585056
0.7 0.807947
0.8 1.05189
0.9 1.30066
1 1.56603
1.1 1.84595
1.2 2.14105
1.3 2.45714
1.4 2.77651
1.5 3.09454
1.6 3.40376
1.7 3.69509
1.8 3.97956
1.9 4.25695
2 4.53063
2.1 4.80405
2.2 5.06461
2.3 5.31026
2.4 5.53588
2.5 5.73792
2.6 5.92587
2.7 6.09977
2.8 6.26216
2.9 6.41285
3 6.54088
3.1 6.64378
3.2 6.71717
3.3 6.76064
3.4 6.78346
3.5 6.7887
3.6 6.7827
3.7 6.76984
3.8 6.74931
3.9 6.729
4 6.7174
4.1 6.72239
4.2 6.73222
4.3 6.74653
4.4 6.76593
4.5 6.76902
4.6 6.7623
4.7 6.74694
4.8 6.72578
4.9 6.71803
5 6.71797
5.1 6.72508
5.2 6.73554
5.3 6.73361
5.4 6.72539
5.5 6.7119
5.6 6.69813
5.7 6.69713
5.8 6.70273
5.9 6.71341
6 6.72339
6.1 6.72187
6.2 6.71481
6.3 6.70403
6.4 6.69546
6.5 6.69771
6.6 6.70485
6.7 6.71463
6.8 6.72113
6.9 6.71756
7 6.7098
7.1 6.70036
7.2 6.69498
7.3 6.69882
7.4 6.70614
7.5 6.71421
7.6 6.71772
7.7 6.71287
7.8 6.70532
7.9 6.69787
8 6.69539
8.1 6.70046
8.2 6.70755
8.3 6.71384
8.4 6.715
8.5 6.70947
8.6 6.7026
8.7 6.69717
8.8 6.69691
8.9 6.70254
9 6.70887
9.1 6.71326
9.2 6.71254
9.3 6.70675
9.4 6.70084
9.5 6.69728
9.6 6.69866
9.7 6.70436
9.8 6.70964
9.9 6.71228
10 6.71023
10.1 6.70462
10.2 6.6999
10.3 6.69803
10.4 6.70055
10.5 6.70595
10.6 6.71005
10.7 6.71119
10.8 6.70827
10.9 6.70314
11 6.69965
11.1 6.69916
11.2 6.70234
11.3 6.70713
11.4 6.71001
11.5 6.70991
11.6 6.70654
11.7 6.70211
11.8 6.69979
11.9 6.70038
12 6.70383
12.1 6.70785
12.2 6.7096
12.3 6.70858
12.4 6.7051
12.5 6.70151
12.6 6.70026
12.7 6.70163
12.8 6.70504
12.9 6.70819
13 6.70896
13.1 6.70731
13.2 6.70401
13.263 6.70206
