0 0
0.1 0.00409917
0.2 0.0425569
0.3 0.123794
0.4 0.247296
0.5 0.431798
0.6 0.653245
0.7 0.893876
0.8 1.14562
0.9 1.38563
1 1.62572
1.1 1.87523
1.2 2.13307
1.3 2.40915
1.4 2.68599
1.5 2.94683
1.6 3.18669
1.7 3.39409
1.8 3.58047
1.9 3.75932
2 3.93333
2.1 4.10992
2.2 4.27883
2.3 4.42731
2.4 4.55327
2.5 4.65192
2.6 4.73209
2.7 4.80491
2.8 4.87081
2.9 4.93058
3 4.97397
3.1 4.98828
3.2 4.97127
3.3 4.92255
3.4 4.85177
3.5 4.77268
3.6 4.69148
3.7 4.61413
3.8 4.54142
3.9 4.47362
4 4.42124
4.1 4.39452
4.2 4.37863
4.3 4.37425
4.4 4.38039
4.5 4.36748
4.6 4.34135
4.7 4.30566
4.8 4.26362
4.9 4.24116
5 4.23486
5.1 4.23925
5.2 4.25048
5.3 4.24664
5.4 4.22992
5.5 4.20708
5.6 4.18244
5.7 4.17405
5.8 4.1802
5.9 4.1928
6 4.20676
6.1 4.20682
6.2 4.19412
6.3 4.17716
6.4 4.16121
6.5 4.15878
6.6 4.16868
6.7 4.18201
6.8 4.19323
6.9 4.19206
7 4.17973
7.1 4.16519
7.2 4.15405
7.3 4.15458
7.4 4.16532
7.5 4.17741
7.6 4.1853
7.7 4.1824
7.8 4.17043
7.9 4.15802
8 4.15055
8.1 4.15315
8.2 4.1638
8.3 4.17419
8.4 4.17918
8.5 4.1749
8.6 4.16366
8.7 4.15337
8.8 4.14888
8.9 4.15295
9 4.16301
9.1 4.17157
9.2 4.17417
9.3 4.16895
9.4 4.15875
9.5 4.15055
9.6 4.14845
9.7 4.15349
9.8 4.16264
9.9 4.16938
10 4.17008
10.1 4.16434
10.2 4.15534
10.3 4.14911
10.4 4.14885
10.5 4.1544
10.6 4.16245
10.7 4.16749
10.8 4.16672
10.9 4.1608
11 4.15309
11.1 4.14863
11.2 4.14974
11.3 4.15543
11.4 4.16228
11.5 4.16575
11.6 4.16391
11.7 4.15809
11.8 4.15168
11.9 4.14875
12 4.15084
12.1 4.15636
12.2 4.162
12.3 4.1641
12.4 4.16153
12.5 4.15605
12.6 4.15088
12.7 4.14925
12.8 4.15197
12.9 4.15712
13 4.16159
13.1 4.16256
13.2 4.15954
13.3 4.15455
13.4 4.15055
13.5 4.14998
13.6 4.15305
13.7 4.15768
13.8 4.16107
13.854 4.16157
