0 0
0.1 0.00903269
0.2 0.113448
0.3 0.388682
0.4 0.827725
0.5 1.44555
0.6 2.24881
0.7 3.15758
0.8 4.09536
0.9 5.05695
1 6.04714
1.1 7.08046
1.2 8.18817
1.3 9.37506
1.4 10.597
1.5 11.8067
1.6 12.9772
1.7 14.0988
1.8 15.193
1.9 16.2998
2 17.4468
2.1 18.6333
2.2 19.8439
2.3 21.0563
2.4 22.2566
2.5 23.4511
2.6 24.6583
2.7 25.8888
2.8 27.1298
2.9 28.3419
3 29.4654
3.1 30.4409
3.2 31.2286
3.3 31.8179
3.4 32.2226
3.5 32.4696
3.6 32.5876
3.7 32.6009
3.8 32.5348
3.9 32.4254
4 32.327
4.1 32.3029
4.2 32.3355
4.3 32.3799
4.4 32.4411
4.5 32.4786
4.6 32.4376
4.7 32.3572
4.8 32.3027
4.9 32.2873
5 32.3185
5.1 32.3848
5.2 32.4361
5.3 32.4317
5.4 32.3825
5.5 32.3181
5.6 32.2692
5.7 32.2642
5.8 32.3012
5.9 32.3464
6 32.365
6.1 32.3443
6.2 32.2922
6.3 32.2366
6.4 32.209
6.5 32.2203
6.6 32.2559
6.7 32.2883
6.8 32.2941
6.9 32.2664
7 32.2207
7.1 32.1835
7.2 32.1741
7.3 32.1931
7.4 32.2239
7.5 32.2433
7.6 32.2362
7.7 32.2059
7.8 32.1708
7.9 32.1517
8 32.1592
8.1 32.1874
8.2 32.2179
8.3 32.2321
8.4 32.2226
8.5 32.1973
8.6 32.1732
8.7 32.1656
8.8 32.1783
8.9 32.2023
9 32.2217
9.1 32.2242
9.2 32.2089
9.3 32.1857
9.4 32.1692
9.5 32.1689
9.6 32.1837
9.7 32.2032
9.8 32.2146
9.9 32.2109
10 32.195
10.1 32.1773
10.2 32.1688
10.3 32.1742
10.4 32.1894
10.5 32.2042
10.6 32.2094
10.7 32.2022
10.8 32.1877
10.9 32.1756
11 32.1732
11.1 32.1816
11.2 32.1951
11.3 32.2051
11.4 32.2055
11.5 32.1968
11.6 32.185
11.7 32.1778
11.8 32.1796
11.9 32.189
12 32.1999
12.1 32.2055
12.2 32.2027
12.3 32.194
12.4 32.1853
12.5 32.1821
12.6 32.1865
12.7 32.1954
12.8 32.2033
12.9 32.2053
13 32.2008
13.1 32.1931
13.2 32.1873
13.3 32.1872
13.4 32.1927
13.5 32.2002
13.6 32.2051
13.7 32.2045
13.8 32.1994
13.9 32.1932
14 32.19
14.1 32.1918
14.2 32.1973
14.3 32.203
14.4 32.2053
14.5 32.2031
14.6 32.1981
14.7 32.1936
14.8 32.1925
14.9 32.1953
15 32.2002
15.1 32.2039
15.2 32.2043
15.3 32.2014
15.4 32.197
15.5 32.1942
15.6 32.1945
15.7 32.1977
15.8 32.2016
15.9 32.2037
16 32.2028
16.1 32.1997
16.2 32.1964
16.3 32.1949
16.4 32.1962
16.5 32.1993
16.6 32.2021
16.7 32.2029
16.8 32.2013
16.9 32.1984
17 32.1962
17.1 32.1958
17.2 32.1976
17.3 32.2002
17.4 32.202
17.5 32.2019
17.6 32.2
17.7 32.1977
17.8 32.1963
17.9 32.1968
18 32.1986
18.1 32.2007
18.2 32.2016
18.3 32.2008
18.4 32.199
18.5 32.1973
18.6 32.1967
18.7 32.1976
18.8 32.1993
18.9 32.2007
19 32.2009
19.1 32.1999
19.2 32.1983
19.3 32.1972
19.4 32.1972
19.5 32.1983
19.6 32.1997
19.7 32.2005
19.8 32.2003
19.9 32.1992
20 32.1979
20.1 32.1974
20.2 32.1977
20.3 32.1988
20.4 32.1998
20.5 32.2002
20.6 32.1997
20.7 32.1986
20.8 32.1978
20.9 32.1976
21 32.1982
21.1 32.1991
21.2 32.1998
21.3 32.1998
21.4 32.1991
21.5 32.1983
21.6 32.1978
21.7 32.1979
21.8 32.1985
21.9 32.1992
22 32.1996
22.1 32.1994
22.2 32.1987
22.3 32.1981
22.4 32.1978
22.5 32.1981
22.6 32.1987
22.7 32.1992
22.8 32.1994
22.9 32.199
23 32.1984
23.1 32.198
23.2 32.198
23.3 32.1983
23.4 32.1988
23.4625 32.1991
