0 0
0.1 0.000504868
0.2 0.0398197
0.3 0.178668
0.4 0.471271
0.5 0.976637
0.6 1.70155
0.7 2.59871
0.8 3.62023
0.9 4.71546
1 5.84781
1.1 7.02661
1.2 8.27479
1.3 9.60742
1.4 11.0363
1.5 12.5463
1.6 14.0973
1.7 15.6549
1.8 17.1919
1.9 18.6942
2 20.1736
2.1 21.6488
2.2 23.1312
2.3 24.6266
2.4 26.1252
2.5 27.6033
2.6 29.0391
2.7 30.4134
2.8 31.709
2.9 32.9166
3 34.0249
3.1 35.015
3.2 35.8661
3.3 36.5553
3.4 37.0631
3.5 37.3853
3.6 37.5342
3.7 37.5381
3.8 37.4415
3.9 37.2969
4 37.1591
4.1 37.0852
4.2 37.0919
4.3 37.1563
4.4 37.243
4.5 37.2909
4.6 37.2706
4.7 37.2025
4.8 37.1154
4.9 37.0478
5 37.0334
5.1 37.0655
5.2 37.1181
5.3 37.1646
5.4 37.1772
5.5 37.1498
5.6 37.1014
5.7 37.0535
5.8 37.0261
5.9 37.0293
6 37.051
6.1 37.0708
6.2 37.074
6.3 37.0543
6.4 37.0216
6.5 36.9957
6.6 36.9896
6.7 37.0068
6.8 37.0406
6.9 37.0747
7 37.0948
7.1 37.0962
7.2 37.0816
7.3 37.0614
7.4 37.0483
7.5 37.0478
7.6 37.0588
7.7 37.0753
7.8 37.0876
7.9 37.0893
8 37.0809
8.1 37.0665
8.2 37.0529
8.3 37.0466
8.4 37.0487
8.5 37.0564
8.6 37.0651
8.7 37.0695
8.8 37.0672
8.9 37.0601
9 37.0516
9.1 37.0455
9.2 37.0444
9.3 37.0479
9.4 37.0531
9.5 37.0571
9.6 37.0579
9.7 37.0549
9.8 37.0501
9.9 37.046
10 37.0441
10.1 37.0451
10.2 37.0482
10.3 37.0513
10.4 37.0527
10.5 37.0521
10.6 37.0498
10.7 37.0471
10.8 37.0455
10.9 37.0455
11 37.047
11.1 37.0492
11.2 37.0508
11.3 37.0512
11.4 37.0504
11.5 37.049
11.6 37.0478
11.7 37.0475
11.8 37.0482
11.9 37.0494
12 37.0507
12.1 37.0514
12.2 37.0513
12.3 37.0507
12.4 37.05
12.5 37.0497
12.6 37.0499
12.7 37.0506
12.8 37.0515
12.9 37.0521
13 37.0525
13.1 37.0524
13.2 37.052
13.3 37.0518
13.4 37.0518
13.5 37.0522
13.6 37.0528
13.7 37.0534
13.8 37.0537
13.9 37.0538
14 37.0538
14.1 37.0537
14.2 37.0536
14.2135 37.0537
