0 0
0.1 0.00774536
0.2 0.0455565
0.3 0.116261
0.4 0.221403
0.5 0.369955
0.6 0.549857
0.7 0.757858
0.8 0.987439
0.9 1.22698
1 1.4813
1.1 1.74608
1.2 2.02125
1.3 2.30802
1.4 2.59506
1.5 2.87936
1.6 3.15358
1.7 3.41294
1.8 3.66238
1.9 3.90125
2 4.13432
2.1 4.36255
2.2 4.58151
2.3 4.79114
2.4 4.98686
2.5 5.16937
2.6 5.34156
2.7 5.50317
2.8 5.65684
2.9 5.79835
3 5.92293
3.1 6.02673
3.2 6.10413
3.3 6.15693
3.4 6.18682
3.5 6.1975
3.6 6.19518
3.7 6.18141
3.8 6.16178
3.9 6.14209
4 6.13034
4.1 6.13379
4.2 6.13765
4.3 6.14461
4.4 6.15543
4.5 6.15498
4.6 6.15073
4.7 6.13942
4.8 6.12333
4.9 6.11576
5 6.11029
5.1 6.11112
5.2 6.11448
5.3 6.11043
5.4 6.10478
5.5 6.09386
5.6 6.0831
5.7 6.07966
5.8 6.07898
5.9 6.08397
6 6.0881
6.1 6.08671
6.2 6.08288
6.3 6.07462
6.4 6.06884
6.5 6.06792
6.6 6.07006
6.7 6.07601
6.8 6.07883
6.9 6.07783
7 6.07361
7.1 6.06662
7.2 6.06335
7.3 6.06324
7.4 6.06658
7.5 6.07177
7.6 6.07307
7.7 6.07181
7.8 6.06709
7.9 6.0615
8 6.05985
8.1 6.06043
8.2 6.06442
8.3 6.06847
8.4 6.06878
8.5 6.06715
8.6 6.06238
8.7 6.05833
8.8 6.05777
8.9 6.05905
9 6.06317
9.1 6.066
9.2 6.0657
9.3 6.06365
9.4 6.05924
9.5 6.05657
9.6 6.0567
9.7 6.0586
9.8 6.06236
9.9 6.0641
10 6.0634
10.1 6.06097
10.2 6.05722
10.3 6.05567
10.4 6.05628
10.5 6.0586
10.6 6.06172
10.7 6.0626
10.8 6.0616
10.9 6.05896
11 6.05603
11.1 6.05532
11.2 6.05629
11.3 6.05879
11.4 6.06114
11.5 6.06139
11.6 6.06013
11.7 6.0575
11.8 6.05541
11.9 6.05529
12 6.05655
12.1 6.05898
12.2 6.06057
12.3 6.06038
12.4 6.05892
12.5 6.05651
12.6 6.05517
12.7 6.05545
12.8 6.05691
12.9 6.05907
13 6.06001
13.1 6.05951
13.2 6.05792
13.3 6.05589
13.4 6.05516
13.5 6.05573
13.6 6.05729
13.7 6.05904
13.8 6.05947
13.9 6.05874
14 6.05713
14.1 6.05555
14.2 6.05529
14.3 6.05606
14.4 6.05761
14.5 6.05891
14.5155 6.059
