0 0
0.1 0.00703005
0.2 0.0815664
0.3 0.2611
0.4 0.542597
0.5 0.959624
0.6 1.50027
0.7 2.10442
0.8 2.74909
0.9 3.4201
1 4.09851
1.1 4.81179
1.2 5.57705
1.3 6.37436
1.4 7.19123
1.5 7.99793
1.6 8.76012
1.7 9.47829
1.8 10.1673
1.9 10.8409
2 11.5176
2.1 12.2005
2.2 12.8695
2.3 13.5119
2.4 14.1212
2.5 14.6978
2.6 15.2601
2.7 15.8225
2.8 16.3835
2.9 16.9296
3 17.4348
3.1 17.8693
3.2 18.216
3.3 18.4729
3.4 18.6454
3.5 18.7472
3.6 18.789
3.7 18.7766
3.8 18.7206
3.9 18.6408
4 18.5705
4.1 18.55
4.2 18.5621
4.3 18.5872
4.4 18.6298
4.5 18.6391
4.6 18.5939
4.7 18.5346
4.8 18.4801
4.9 18.4481
5 18.4668
5.1 18.5068
5.2 18.5309
5.3 18.5324
5.4 18.4996
5.5 18.4478
5.6 18.4151
5.7 18.4134
5.8 18.4365
5.9 18.4724
6 18.4926
6.1 18.48
6.2 18.4477
6.3 18.4122
6.4 18.3926
6.5 18.4032
6.6 18.4323
6.7 18.4588
6.8 18.4678
6.9 18.4524
7 18.4216
7.1 18.3969
7.2 18.3921
7.3 18.4077
7.4 18.4343
7.5 18.4533
7.6 18.452
7.7 18.433
7.8 18.4079
7.9 18.3922
8 18.3959
8.1 18.4153
8.2 18.4372
8.3 18.4485
8.4 18.4426
8.5 18.4238
8.6 18.4054
8.7 18.3988
8.8 18.4075
8.9 18.4257
9 18.4413
9.1 18.4445
9.2 18.4339
9.3 18.4166
9.4 18.4034
9.5 18.4025
9.6 18.4137
9.7 18.4291
9.8 18.439
9.9 18.4372
10 18.4253
10.1 18.4113
10.2 18.4041
10.3 18.4078
10.4 18.4196
10.5 18.4319
10.6 18.4367
10.7 18.4315
10.8 18.4201
10.9 18.4099
11 18.4073
11.1 18.4137
11.2 18.4245
11.3 18.4329
11.4 18.4337
11.5 18.4268
11.6 18.4168
11.7 18.4103
11.8 18.411
11.9 18.4184
12 18.4273
12.1 18.4322
12.2 18.4301
12.3 18.4227
12.4 18.4149
12.5 18.4115
12.6 18.4146
12.7 18.4218
12.8 18.4284
12.9 18.4303
13 18.4265
13.1 18.4197
13.2 18.4142
13.3 18.4135
13.4 18.4177
13.5 18.424
13.6 18.4283
13.7 18.428
13.8 18.4235
13.9 18.4177
14 18.4144
14.1 18.4155
14.2 18.4201
14.3 18.4251
14.4 18.4274
14.5 18.4256
14.6 18.421
14.7 18.4167
14.8 18.4153
14.9 18.4175
15 18.4218
15.1 18.4254
15.2 18.4259
15.3 18.4233
15.4 18.4193
15.5 18.4164
15.6 18.4164
15.7 18.4192
15.8 18.4228
15.9 18.425
16 18.4244
16.1 18.4215
16.2 18.4183
16.3 18.4167
16.4 18.4177
16.5 18.4205
16.6 18.4232
16.7 18.4242
16.8 18.4229
16.9 18.4201
17 18.4178
17.1 18.4173
17.2 18.4188
17.3 18.4214
17.4 18.4232
17.5 18.4233
17.6 18.4215
17.7 18.4192
17.8 18.4178
17.9 18.418
18 18.4198
18.1 18.4218
18.2 18.4229
18.3 18.4223
18.4 18.4205
18.5 18.4187
18.6 18.418
18.7 18.4188
18.8 18.4205
18.9 18.422
19 18.4223
19.1 18.4214
19.2 18.4198
19.3 18.4185
19.4 18.4184
19.5 18.4195
19.6 18.4209
19.615 18.4211
