0 0
0.1 0.00841075
0.2 0.091065
0.3 0.268731
0.4 0.519699
0.5 0.87809
0.6 1.32206
0.7 1.77917
0.8 2.247
0.9 2.722
1 3.17611
1.1 3.65745
1.2 4.17993
1.3 4.70645
1.4 5.23646
1.5 5.74466
1.6 6.18848
1.7 6.58653
1.8 6.96518
1.9 7.32056
2 7.68305
2.1 8.0541
2.2 8.39494
2.3 8.70431
2.4 8.98081
2.5 9.21668
2.6 9.4416
2.7 9.67898
2.8 9.91363
2.9 10.1428
3 10.3504
3.1 10.5001
3.2 10.5947
3.3 10.6459
3.4 10.6568
3.5 10.6491
3.6 10.6353
3.7 10.6023
3.8 10.5555
3.9 10.5103
4 10.4796
4.1 10.4997
4.2 10.5404
4.3 10.577
4.4 10.6281
4.5 10.6397
4.6 10.5883
4.7 10.5352
4.8 10.4909
4.9 10.4593
5 10.4874
5.1 10.5308
5.2 10.5449
5.3 10.544
5.4 10.5099
5.5 10.4498
5.6 10.421
5.7 10.4272
5.8 10.4462
5.9 10.4864
6 10.5081
6.1 10.4845
6.2 10.4499
6.3 10.414
6.4 10.3883
6.5 10.4027
6.6 10.439
6.7 10.4615
6.8 10.4713
6.9 10.4551
7 10.4131
7.1 10.3861
7.2 10.3833
7.3 10.3973
7.4 10.4297
7.5 10.4551
7.6 10.4491
7.7 10.4269
7.8 10.3992
7.9 10.375
8 10.3795
8.1 10.405
8.2 10.4281
8.3 10.4426
8.4 10.4371
8.5 10.4093
8.6 10.3844
8.7 10.3764
8.8 10.3832
8.9 10.4073
9 10.4312
9.1 10.4346
9.2 10.4222
9.3 10.4008
9.4 10.3794
9.5 10.3763
9.6 10.3923
9.7 10.4119
9.8 10.4276
9.9 10.4288
10 10.4111
10.1 10.3903
10.2 10.3789
10.3 10.38
10.4 10.3959
10.5 10.4161
10.6 10.4242
10.7 10.4187
10.8 10.4034
10.9 10.3848
11 10.3777
11.1 10.3859
11.2 10.4011
11.3 10.4158
11.4 10.421
11.5 10.4111
11.6 10.3949
11.7 10.3829
11.8 10.38
11.9 10.3897
12 10.4056
12.1 10.4154
12.2 10.4148
12.3 10.4048
12.4 10.3898
12.5 10.3809
12.6 10.3837
12.7 10.3942
12.8 10.4069
12.9 10.414
13 10.4097
13.1 10.398
13.2 10.3869
13.3 10.3817
13.4 10.3865
13.5 10.3983
13.6 10.408
13.7 10.4106
13.8 10.4049
13.8325 10.4016
