0 0
0.1 0.000587409
0.2 0.0373501
0.3 0.158126
0.4 0.39984
0.5 0.806629
0.6 1.37002
0.7 2.03734
0.8 2.7656
0.9 3.50986
1 4.24613
1.1 4.99583
1.2 5.78179
1.3 6.61645
1.4 7.50594
1.5 8.42383
1.6 9.32956
1.7 10.1981
1.8 11.0131
1.9 11.7788
2 12.5229
2.1 13.2668
2.2 14.0211
2.3 14.7869
2.4 15.5466
2.5 16.2797
2.6 16.9776
2.7 17.6364
2.8 18.2607
2.9 18.8587
3 19.4256
3.1 19.9453
3.2 20.3955
3.3 20.7485
3.4 20.9867
3.5 21.1097
3.6 21.1315
3.7 21.0795
3.8 20.9882
3.9 20.8903
4 20.8163
4.1 20.7977
4.2 20.8289
4.3 20.8841
4.4 20.9389
4.5 20.9463
4.6 20.8968
4.7 20.8219
4.8 20.7468
4.9 20.7038
5 20.7126
5.1 20.7509
5.2 20.791
5.3 20.8107
5.4 20.7905
5.5 20.7399
5.6 20.6863
5.7 20.6483
5.8 20.6408
5.9 20.6631
6 20.6925
6.1 20.7098
6.2 20.7041
6.3 20.6724
6.4 20.6297
6.5 20.5955
6.6 20.5796
6.7 20.5863
6.8 20.608
6.9 20.6282
7 20.6366
7.1 20.63
7.2 20.6116
7.3 20.5934
7.4 20.586
7.5 20.5919
7.6 20.6085
7.7 20.6273
7.8 20.638
7.9 20.6371
8 20.6268
8.1 20.613
8.2 20.6039
8.3 20.6043
8.4 20.6126
8.5 20.6241
8.6 20.6325
8.7 20.633
8.8 20.6261
8.9 20.6158
9 20.6072
9.1 20.6047
9.2 20.6089
9.3 20.6166
9.4 20.6234
9.5 20.6257
9.6 20.6223
9.7 20.6155
9.8 20.609
9.9 20.6059
10 20.6077
10.1 20.6127
10.2 20.6181
10.3 20.6209
10.4 20.6198
10.5 20.6156
10.6 20.6107
10.7 20.6078
10.8 20.608
10.9 20.6111
11 20.6151
11.1 20.6177
11.2 20.6178
11.3 20.6153
11.4 20.6117
11.5 20.6091
11.6 20.6085
11.7 20.6102
11.8 20.6129
11.9 20.6151
12 20.6157
12.1 20.6144
12.2 20.612
12.3 20.6098
12.4 20.6089
12.5 20.6097
12.6 20.6115
12.7 20.6133
12.8 20.6141
12.9 20.6135
13 20.612
13.1 20.6103
13.2 20.6094
13.3 20.6096
13.4 20.6108
13.5 20.6121
13.6 20.6129
13.7 20.6128
13.8 20.6119
13.9 20.6107
14 20.6099
14.1 20.6098
14.2 20.6104
14.239 20.6108
