0 0
0.1 0.000482654
0.2 0.0361313
0.3 0.155983
0.4 0.40008
0.5 0.813867
0.6 1.39036
0.7 2.07837
0.8 2.83314
0.9 3.60665
1 4.37254
1.1 5.14939
1.2 5.95917
1.3 6.81731
1.4 7.73296
1.5 8.68226
1.6 9.62699
1.7 10.5404
1.8 11.4024
1.9 12.2148
2 13.0029
2.1 13.7888
2.2 14.5871
2.3 15.4031
2.4 16.2215
2.5 17.0232
2.6 17.7964
2.7 18.5327
2.8 19.233
2.9 19.9029
3 20.5368
3.1 21.1201
3.2 21.631
3.3 22.041
3.4 22.3298
3.5 22.4937
3.6 22.5431
3.7 22.5048
3.8 22.4158
3.9 22.3126
4 22.2317
4.1 22.2087
4.2 22.2412
4.3 22.3029
4.4 22.3654
4.5 22.3788
4.6 22.3315
4.7 22.2539
4.8 22.1729
4.9 22.1245
5 22.1303
5.1 22.1699
5.2 22.2159
5.3 22.2429
5.4 22.2283
5.5 22.18
5.6 22.1237
5.7 22.0798
5.8 22.067
5.9 22.0863
6 22.1168
6.1 22.1385
6.2 22.1364
6.3 22.105
6.4 22.0585
6.5 22.0178
6.6 21.997
6.7 22.0039
6.8 22.0315
6.9 22.0615
7 22.0797
7.1 22.0784
7.2 22.0596
7.3 22.0364
7.4 22.0226
7.5 22.0244
7.6 22.0415
7.7 22.0648
7.8 22.0815
7.9 22.085
8 22.075
8.1 22.0574
8.2 22.0425
8.3 22.0377
8.4 22.0438
8.5 22.057
8.6 22.0695
8.7 22.0742
8.8 22.0694
8.9 22.0581
9 22.046
9.1 22.0395
9.2 22.0412
9.3 22.049
9.4 22.0585
9.5 22.0643
9.6 22.0636
9.7 22.0572
9.8 22.0488
9.9 22.0427
10 22.0419
10.1 22.0463
10.2 22.053
10.3 22.0584
10.4 22.0598
10.5 22.0567
10.6 22.0511
10.7 22.0461
10.8 22.0442
10.9 22.046
11 22.0502
11.1 22.0544
11.2 22.0563
11.3 22.0551
11.4 22.0516
11.5 22.0477
11.6 22.0454
11.7 22.0457
11.8 22.0482
11.9 22.0512
12 22.0532
12.1 22.0531
12.2 22.0512
12.3 22.0484
12.4 22.0464
12.5 22.046
12.6 22.0472
12.7 22.0493
12.8 22.051
12.9 22.0516
13 22.0507
13.1 22.0489
13.2 22.0472
13.3 22.0465
13.4 22.047
13.5 22.0484
13.5495 22.0491
