0 0
0.1 0.00748222
0.2 0.0901309
0.3 0.282054
0.4 0.560589
0.5 0.954361
0.6 1.45463
0.7 1.97622
0.8 2.49451
0.9 3.02515
1 3.54054
1.1 4.0691
1.2 4.65461
1.3 5.26317
1.4 5.86226
1.5 6.4444
1.6 6.97102
1.7 7.42753
1.8 7.86251
1.9 8.29324
2 8.72002
2.1 9.16194
2.2 9.59748
2.3 9.98841
2.4 10.3401
2.5 10.6672
2.6 10.972
2.7 11.2855
2.8 11.6205
2.9 11.9454
3 12.2383
3.1 12.4816
3.2 12.649
3.3 12.7449
3.4 12.7982
3.5 12.8167
3.6 12.8082
3.7 12.7856
3.8 12.7416
3.9 12.681
4 12.6403
4.1 12.6525
4.2 12.6829
4.3 12.7174
4.4 12.7715
4.5 12.7837
4.6 12.7268
4.7 12.6632
4.8 12.6137
4.9 12.5778
5 12.6017
5.1 12.6572
5.2 12.6803
5.3 12.6758
5.4 12.6452
5.5 12.5822
5.6 12.5367
5.7 12.5434
5.8 12.5702
5.9 12.6057
6 12.6376
6.1 12.6243
6.2 12.5763
6.3 12.5355
6.4 12.5114
6.5 12.5127
6.6 12.5512
6.7 12.5897
6.8 12.5965
6.9 12.5808
7 12.5453
7.1 12.5038
7.2 12.4917
7.3 12.5131
7.4 12.5429
7.5 12.5704
7.6 12.5791
7.7 12.5535
7.8 12.5166
7.9 12.4939
8 12.4899
8.1 12.5092
8.2 12.5437
8.3 12.5637
8.4 12.5578
8.5 12.5364
8.6 12.5069
8.7 12.4872
8.8 12.4947
8.9 12.5198
9 12.544
9.1 12.5575
9.2 12.5501
9.3 12.5233
9.4 12.4991
9.5 12.4912
9.6 12.5002
9.7 12.5233
9.8 12.5459
9.9 12.5502
10 12.5364
10.1 12.5149
10.2 12.4956
10.3 12.4918
10.4 12.5071
10.5 12.5284
10.6 12.5427
10.7 12.5435
10.8 12.5284
10.9 12.5069
11 12.4948
11.1 12.4976
11.2 12.5121
11.3 12.5311
11.4 12.5415
11.5 12.536
11.6 12.5201
11.7 12.5038
11.8 12.4955
11.9 12.5016
12 12.5179
12.1 12.5323
12.2 12.5371
12.3 12.5299
12.4 12.5143
12.5 12.5006
12.6 12.4981
12.7 12.5066
12.8 12.5207
12.9 12.5323
13 12.5333
13.1 12.5233
13.2 12.5097
13.3 12.5004
13.4 12.5006
13.5 12.5107
13.6 12.5236
13.7 12.5308
13.8 12.5286
13.9 12.5186
14 12.5065
14.1 12.5005
14.2 12.5041
14.3 12.5141
14.4 12.5245
14.5 12.529
14.6 12.5244
14.7 12.514
14.8 12.5048
14.9 12.5019
15 12.507
15.1 12.5169
15.2 12.525
15.3 12.5262
15.4 12.5204
15.5 12.511
15.6 12.5039
15.7 12.5037
15.8 12.5101
15.9 12.5187
16 12.5243
16.1 12.5236
16.2 12.5168
16.3 12.5087
16.4 12.5042
16.5 12.5058
16.6 12.5124
16.7 12.5198
16.8 12.5232
16.9 12.5206
17 12.514
17.071 12.509
