0 0
0.1 0.00443111
0.2 0.0369183
0.3 0.10245
0.4 0.203287
0.5 0.354526
0.6 0.539222
0.7 0.75079
0.8 0.982549
0.9 1.21756
1 1.46577
1.1 1.72673
1.2 2.00024
1.3 2.29283
1.4 2.58809
1.5 2.8792
1.6 3.15944
1.7 3.41832
1.8 3.66572
1.9 3.9036
2 4.13461
2.1 4.3643
2.2 4.58143
2.3 4.78273
2.4 4.96474
2.5 5.12281
2.6 5.26657
2.7 5.39824
2.8 5.51978
2.9 5.63297
3 5.72721
3.1 5.79844
3.2 5.84306
3.3 5.85875
3.4 5.85452
3.5 5.83475
3.6 5.80492
3.7 5.77105
3.8 5.73207
3.9 5.69416
4 5.66573
4.1 5.6537
4.2 5.64952
4.3 5.65265
4.4 5.66276
4.5 5.65988
4.6 5.64791
4.7 5.62796
4.8 5.60246
4.9 5.58932
5 5.58499
5.1 5.58839
5.2 5.59625
5.3 5.59338
5.4 5.5835
5.5 5.56828
5.6 5.55172
5.7 5.54682
5.8 5.54963
5.9 5.55792
6 5.5671
6.1 5.56596
6.2 5.55849
6.3 5.54712
6.4 5.53659
6.5 5.53626
6.6 5.54195
6.7 5.55087
6.8 5.55816
6.9 5.55603
7 5.54864
7.1 5.53905
7.2 5.53193
7.3 5.53373
7.4 5.54016
7.5 5.54804
7.6 5.55289
7.7 5.54948
7.8 5.54216
7.9 5.53418
8 5.52975
8.1 5.53295
8.2 5.53947
8.3 5.54601
8.4 5.54871
8.5 5.54447
8.6 5.53757
8.7 5.53128
8.8 5.52905
8.9 5.53315
9 5.53931
9.1 5.5444
9.2 5.54535
9.3 5.54065
9.4 5.53447
9.5 5.5298
9.6 5.5293
9.7 5.53383
9.8 5.53934
9.9 5.54301
10 5.54259
10.1 5.53778
10.2 5.53247
10.3 5.52929
10.4 5.53009
10.5 5.5347
10.6 5.53939
10.7 5.54174
10.8 5.54032
10.9 5.53566
11 5.53131
11.1 5.52944
11.2 5.53114
11.3 5.53554
11.4 5.5393
11.5 5.54051
11.6 5.53841
11.7 5.53409
11.8 5.53072
11.9 5.52993
12 5.53218
12.1 5.53619
12.2 5.53902
12.3 5.53928
12.4 5.53679
12.5 5.53297
12.6 5.53053
12.7 5.5306
12.8 5.53314
12.9 5.53662
13 5.53858
13.1 5.53811
13.2 5.53547
13.3 5.53224
13.4 5.53064
13.5 5.53137
13.6 5.53397
13.7 5.53685
13.8 5.53804
13.9 5.53703
13.983 5.53496
