0 0
0.1 0.00125902
0.2 0.0384162
0.3 0.146233
0.4 0.342213
0.5 0.659319
0.6 1.0845
0.7 1.56989
0.8 2.09089
0.9 2.62045
1 3.14641
1.1 3.69723
1.2 4.28966
1.3 4.92289
1.4 5.59406
1.5 6.27152
1.6 6.91912
1.7 7.52741
1.8 8.09427
1.9 8.63207
2 9.16803
2.1 9.71014
2.2 10.2518
2.3 10.783
2.4 11.2827
2.5 11.7389
2.6 12.1593
2.7 12.5537
2.8 12.934
2.9 13.3082
3 13.6645
3.1 13.9827
3.2 14.2442
3.3 14.4327
3.4 14.5469
3.5 14.5999
3.6 14.6071
3.7 14.5851
3.8 14.5482
3.9 14.5051
4 14.4688
4.1 14.4615
4.2 14.4756
4.3 14.5001
4.4 14.5321
4.5 14.5343
4.6 14.4992
4.7 14.4524
4.8 14.4024
4.9 14.3708
5 14.376
5.1 14.3969
5.2 14.4158
5.3 14.4227
5.4 14.4016
5.5 14.3631
5.6 14.3304
5.7 14.3114
5.8 14.3142
5.9 14.3356
6 14.3537
6.1 14.3572
6.2 14.3445
6.3 14.3168
6.4 14.2904
6.5 14.2798
6.6 14.2845
6.7 14.3011
6.8 14.3187
6.9 14.323
7 14.3124
7.1 14.293
7.2 14.2729
7.3 14.2639
7.4 14.2696
7.5 14.2836
7.6 14.2981
7.7 14.3046
7.8 14.2986
7.9 14.2855
8 14.2732
8.1 14.2681
8.2 14.2739
8.3 14.2867
8.4 14.2985
8.5 14.3035
8.6 14.2995
8.7 14.2889
8.8 14.279
8.9 14.2753
9 14.2794
9.1 14.2889
9.2 14.2979
9.3 14.3011
9.4 14.2974
9.5 14.2889
9.6 14.2807
9.7 14.2777
9.8 14.2809
9.9 14.2881
10 14.295
10.1 14.2975
10.2 14.2943
10.3 14.2877
10.4 14.2814
10.5 14.279
10.6 14.2816
10.7 14.2874
10.8 14.2927
10.9 14.2946
11 14.2921
11.1 14.2869
11.2 14.282
11.3 14.2802
11.4 14.2823
11.5 14.2869
11.6 14.291
11.7 14.2924
11.8 14.2905
11.9 14.2863
12 14.2826
12.1 14.2813
12.2 14.2829
12.3 14.2865
12.4 14.2898
12.5 14.2908
12.6 14.2892
12.7 14.286
12.8 14.2831
12.9 14.2821
13 14.2835
13.1 14.2863
13.2 14.2888
13.3 14.2896
13.4 14.2883
13.5 14.2858
13.6 14.2836
13.7 14.2828
13.8 14.284
13.9 14.2862
14 14.2881
14.1 14.2887
14.2 14.2877
14.3 14.2857
14.4 14.284
14.4475 14.2835
