0 0
0.1 0.00521788
0.2 0.081009
0.3 0.282809
0.4 0.602339
0.5 1.06125
0.6 1.6571
0.7 2.29965
0.8 2.92446
0.9 3.54374
1 4.15553
1.1 4.76734
1.2 5.43679
1.3 6.16991
1.4 6.90952
1.5 7.62209
1.6 8.28659
1.7 8.87071
1.8 9.39111
1.9 9.90848
2 10.4441
2.1 10.9933
2.2 11.5586
2.3 12.1095
2.4 12.6056
2.5 13.0535
2.6 13.4821
2.7 13.9056
2.8 14.3412
2.9 14.7967
3 15.2328
3.1 15.6006
3.2 15.8785
3.3 16.0533
3.4 16.1287
3.5 16.1402
3.6 16.1211
3.7 16.0798
3.8 16.024
3.9 15.9665
4 15.9184
4.1 15.9099
4.2 15.9313
4.3 15.9545
4.4 15.9901
4.5 16.0033
4.6 15.951
4.7 15.8716
4.8 15.8147
4.9 15.7789
5 15.7789
5.1 15.8256
5.2 15.8656
5.3 15.8615
5.4 15.83
5.5 15.7804
5.6 15.7237
5.7 15.7013
5.8 15.7266
5.9 15.7634
6 15.7901
6.1 15.7989
6.2 15.7704
6.3 15.7173
6.4 15.6805
6.5 15.6743
6.6 15.6909
6.7 15.7261
6.8 15.7581
6.9 15.7565
7 15.7257
7.1 15.6891
7.2 15.6591
7.3 15.6512
7.4 15.6747
7.5 15.7093
7.6 15.729
7.7 15.7274
7.8 15.706
7.9 15.6718
8 15.6489
8.1 15.653
8.2 15.6755
8.3 15.7026
8.4 15.7217
8.5 15.7185
8.6 15.6932
8.7 15.6648
8.8 15.6494
8.9 15.6517
9 15.672
9.1 15.6983
9.2 15.7113
9.3 15.7043
9.4 15.684
9.5 15.6607
9.6 15.6473
9.7 15.6537
9.8 15.6744
9.9 15.6948
10 15.7045
10.1 15.6984
10.2 15.6789
10.3 15.6586
10.4 15.6509
10.5 15.6584
10.6 15.6759
10.7 15.694
10.8 15.7013
10.9 15.6929
11 15.6755
11.1 15.6598
11.2 15.654
11.3 15.6617
11.4 15.6785
11.5 15.6931
11.6 15.6969
11.7 15.6889
11.8 15.6736
11.9 15.66
12 15.6568
12.1 15.6654
12.2 15.6796
12.3 15.6912
12.4 15.6937
12.5 15.6853
12.6 15.6713
12.7 15.6609
12.8 15.6596
12.9 15.6676
13 15.6803
13.1 15.6898
13.2 15.6903
13.3 15.6819
13.4 15.6702
13.5 15.6617
13.6 15.6615
13.7 15.6697
13.8 15.6807
13.9 15.6878
14 15.6873
14.1 15.6794
14.2 15.669
14.3 15.6625
14.4 15.6636
14.5 15.6711
14.6 15.6804
14.7 15.6861
14.8 15.6846
14.9 15.6771
15 15.6683
15.1 15.6635
15.2 15.6652
15.3 15.6722
15.4 15.6802
15.5 15.6843
15.6 15.6821
15.7 15.6753
15.8 15.6679
15.9 15.6643
16 15.6666
16.1 15.6731
16.2 15.6797
16.3 15.6826
16.4 15.6801
16.5 15.6739
16.6 15.6677
16.7 15.6653
16.8 15.6678
16.9 15.6737
17 15.6792
17.1 15.6811
17.2 15.6784
17.3 15.6728
17.4 15.6677
17.5 15.6661
17.6 15.6689
17.7 15.6741
17.8 15.6786
17.9 15.6797
18 15.6769
18.1 15.6719
18.2 15.6678
18.3 15.667
18.4 15.6698
18.5 15.6744
18.6 15.678
18.7 15.6785
18.8 15.6757
18.9 15.6713
19 15.6681
19.1 15.6677
19.2 15.6705
19.3 15.6745
19.4 15.6774
19.5 15.6774
19.6 15.6747
19.7 15.6709
19.7905 15.6685
