0 0
0.1 0.0101166
0.2 0.080368
0.3 0.215282
0.4 0.414805
0.5 0.704729
0.6 1.05538
0.7 1.45487
0.8 1.8954
0.9 2.35324
1 2.83943
1.1 3.35964
1.2 3.90528
1.3 4.48148
1.4 5.06761
1.5 5.64192
1.6 6.20451
1.7 6.74115
1.8 7.262
1.9 7.7793
2 8.28456
2.1 8.78401
2.2 9.26344
2.3 9.71062
2.4 10.1315
2.5 10.5223
2.6 10.8945
2.7 11.2565
2.8 11.6006
2.9 11.9232
3 12.21
3.1 12.4477
3.2 12.637
3.3 12.7772
3.4 12.8745
3.5 12.9382
3.6 12.9668
3.7 12.9651
3.8 12.9397
3.9 12.9012
4 12.8775
4.1 12.8863
4.2 12.8984
4.3 12.9185
4.4 12.9423
4.5 12.934
4.6 12.9099
4.7 12.8757
4.8 12.8405
4.9 12.8324
5 12.8421
5.1 12.8571
5.2 12.8718
5.3 12.8637
5.4 12.8407
5.5 12.8199
5.6 12.803
5.7 12.8096
5.8 12.8294
5.9 12.8444
6 12.8539
6.1 12.8419
6.2 12.8206
6.3 12.8061
6.4 12.7999
6.5 12.8123
6.6 12.8312
6.7 12.8417
6.8 12.8422
6.9 12.8277
7 12.8091
7.1 12.8007
7.2 12.8031
7.3 12.8173
7.4 12.8336
7.5 12.8382
7.6 12.8324
7.7 12.8178
7.8 12.8034
7.9 12.8015
8 12.809
8.1 12.8229
8.2 12.8344
8.3 12.8334
8.4 12.824
8.5 12.8108
8.6 12.8018
8.7 12.8048
8.8 12.8149
8.9 12.8266
9 12.8328
9.1 12.8279
9.2 12.8171
9.3 12.807
9.4 12.8033
9.5 12.8096
9.6 12.8202
9.7 12.8284
9.8 12.8298
9.9 12.8223
10 12.8121
10.1 12.8057
10.2 12.8063
10.3 12.8144
10.4 12.8237
10.5 12.8282
10.6 12.8259
10.7 12.8175
10.8 12.8093
10.9 12.8067
11 12.8104
11.1 12.8187
11.2 12.8256
11.3 12.8266
11.4 12.8218
11.5 12.8139
11.6 12.8084
11.7 12.8089
11.8 12.8143
11.9 12.8216
12 12.8257
12.1 12.8239
12.2 12.818
12.3 12.8116
12.4 12.8088
12.5 12.8117
12.6 12.8176
12.7 12.8231
12.8 12.8245
12.9 12.8209
13 12.815
13.1 12.8106
13.2 12.8103
13.3 12.8145
13.4 12.82
13.5 12.8234
13.572 12.8232
