0 0
0.1 0.0111279
0.2 0.0711981
0.3 0.182331
0.4 0.346202
0.5 0.578124
0.6 0.854711
0.7 1.17285
0.8 1.52058
0.9 1.87973
1 2.2614
1.1 2.65625
1.2 3.06643
1.3 3.49283
1.4 3.91496
1.5 4.33119
1.6 4.72847
1.7 5.10145
1.8 5.46104
1.9 5.8038
2 6.13892
2.1 6.46624
2.2 6.77646
2.3 7.07277
2.4 7.34803
2.5 7.6066
2.6 7.85726
2.7 8.09852
2.8 8.33623
2.9 8.56274
3 8.76795
3.1 8.94813
3.2 9.09334
3.3 9.20653
3.4 9.29104
3.5 9.34763
3.6 9.38375
3.7 9.39847
3.8 9.39702
3.9 9.39076
4 9.39233
4.1 9.41555
4.2 9.43614
4.3 9.45714
4.4 9.48006
4.5 9.47855
4.6 9.46794
4.7 9.44534
4.8 9.41744
4.9 9.40719
5 9.40175
5.1 9.40666
5.2 9.41275
5.3 9.40375
5.4 9.39212
5.5 9.37289
5.6 9.35776
5.7 9.35783
5.8 9.36185
5.9 9.37364
6 9.38002
6.1 9.37411
6.2 9.36544
6.3 9.35131
6.4 9.34503
6.5 9.3496
6.6 9.35691
6.7 9.36812
6.8 9.37044
6.9 9.3638
7 9.3549
7.1 9.344
7.2 9.34269
7.3 9.34876
7.4 9.35669
7.5 9.36497
7.6 9.36357
7.7 9.35636
7.8 9.34783
7.9 9.34053
8 9.34267
8.1 9.34927
8.2 9.35669
8.3 9.3616
8.4 9.35768
8.5 9.35054
8.6 9.34319
8.7 9.3394
8.8 9.34366
8.9 9.35009
9 9.35617
9.1 9.35792
9.2 9.35258
9.3 9.34603
9.4 9.3404
9.5 9.33964
9.6 9.34495
9.7 9.35071
9.8 9.35504
9.9 9.35425
10 9.34848
10.1 9.34294
10.2 9.33932
10.3 9.34089
10.4 9.3464
10.5 9.35113
10.6 9.35354
10.7 9.35092
10.8 9.34537
10.9 9.34107
11 9.33941
11.1 9.34249
11.2 9.34758
11.3 9.35105
11.4 9.35166
11.5 9.34798
11.6 9.34314
11.7 9.34021
11.8 9.34028
11.9 9.34411
12 9.34837
12.1 9.35051
12.2 9.34964
12.3 9.34558
12.4 9.34173
12.5 9.34014
12.6 9.34152
12.7 9.34547
12.8 9.34868
12.9 9.34956
13 9.34762
13.1 9.34373
13.2 9.341
13.3 9.34061
13.4 9.34285
13.5 9.34644
13.6 9.34855
13.7 9.34836
13.8 9.34581
13.9 9.34246
14 9.34083
14.1 9.34142
14.2 9.34406
14.3 9.347
14.4 9.34807
14.4785 9.34745
