0 0
0.1 0.000914489
0.2 0.0421101
0.3 0.176235
0.4 0.440091
0.5 0.878945
0.6 1.48834
0.7 2.20855
0.8 2.98919
0.9 3.78724
1 4.57293
1.1 5.36464
1.2 6.19341
1.3 7.07097
1.4 8.00118
1.5 8.96417
1.6 9.91639
1.7 10.8279
1.8 11.6879
1.9 12.4992
2 13.2873
2.1 14.0814
2.2 14.893
2.3 15.7219
2.4 16.5563
2.5 17.3748
2.6 18.1648
2.7 18.9249
2.8 19.6561
2.9 20.361
3 21.0344
3.1 21.6554
3.2 22.195
3.3 22.6248
3.4 22.9236
3.5 23.0882
3.6 23.1352
3.7 23.0941
3.8 23.002
3.9 22.898
4 22.8178
4.1 22.7961
4.2 22.829
4.3 22.8875
4.4 22.9468
4.5 22.9587
4.6 22.9069
4.7 22.8258
4.8 22.7463
4.9 22.6973
5 22.7025
5.1 22.743
5.2 22.7835
5.3 22.8021
5.4 22.7818
5.5 22.7267
5.6 22.6665
5.7 22.6254
5.8 22.6142
5.9 22.6337
6 22.6646
6.1 22.6825
6.2 22.6772
6.3 22.649
6.4 22.6093
6.5 22.5776
6.6 22.5654
6.7 22.5715
6.8 22.5882
6.9 22.6022
7 22.6026
7.1 22.5893
7.2 22.5692
7.3 22.5519
7.4 22.5467
7.5 22.5554
7.6 22.572
7.7 22.5882
7.8 22.5965
7.9 22.5939
8 22.5842
8.1 22.5745
8.2 22.5707
8.3 22.5755
8.4 22.5868
8.5 22.5986
8.6 22.6057
8.7 22.6054
8.8 22.5988
8.9 22.5902
9 22.5847
9.1 22.5847
9.2 22.5898
9.3 22.597
9.4 22.6021
9.5 22.6025
9.6 22.5984
9.7 22.5921
9.8 22.587
9.9 22.5855
10 22.5879
10.1 22.5925
10.2 22.5966
10.3 22.598
10.4 22.5961
10.5 22.5921
10.6 22.5883
10.7 22.5865
10.8 22.5875
10.9 22.5905
11 22.5937
11.1 22.5955
11.2 22.5949
11.3 22.5926
11.4 22.5898
11.5 22.5881
11.6 22.5882
11.7 22.59
11.8 22.5922
11.9 22.5938
12 22.5939
12.1 22.5925
12.2 22.5905
12.3 22.589
12.4 22.5886
12.5 22.5894
12.6 22.5909
12.7 22.5921
12.8 22.5925
12.9 22.5917
13 22.5904
13.1 22.5891
13.2 22.5886
13.3 22.5889
13.4 22.5898
13.5 22.5908
13.6 22.5912
13.7 22.5909
13.8 22.5901
13.9 22.5891
14 22.5886
14.1 22.5886
14.2 22.5892
14.3 22.5899
14.4 22.5903
14.5 22.5903
14.6 22.5898
14.7 22.5891
14.8 22.5886
14.9 22.5885
15 22.5888
15.1 22.5893
15.2 22.5897
15.3 22.5898
15.4 22.5895
15.5 22.5891
15.6 22.5887
15.7 22.5885
15.8 22.5887
15.9 22.589
16 22.5893
16.1 22.5894
16.2 22.5893
16.252 22.5892
