0 0
0.1 0.00958985
0.2 0.0983392
0.3 0.282723
0.4 0.539222
0.5 0.903062
0.6 1.35021
0.7 1.8104
0.8 2.28716
0.9 2.77294
1 3.24006
1.1 3.74006
1.2 4.27591
1.3 4.81349
1.4 5.35535
1.5 5.87228
1.6 6.3262
1.7 6.74289
1.8 7.13996
1.9 7.51398
2 7.89911
2.1 8.28463
2.2 8.63829
2.3 8.9647
2.4 9.25819
2.5 9.51531
2.6 9.77044
2.7 10.0357
2.8 10.2951
2.9 10.5513
3 10.7779
3.1 10.9466
3.2 11.0662
3.3 11.1412
3.4 11.1757
3.5 11.1926
3.6 11.1936
3.7 11.1667
3.8 11.1263
3.9 11.0818
4 11.0547
4.1 11.0855
4.2 11.1306
4.3 11.1686
4.4 11.2222
4.5 11.2295
4.6 11.1745
4.7 11.1272
4.8 11.0851
4.9 11.0587
5 11.0958
5.1 11.1358
5.2 11.1456
5.3 11.1431
5.4 11.1033
5.5 11.0439
5.6 11.0256
5.7 11.0342
5.8 11.0553
5.9 11.0975
6 11.108
6.1 11.0782
6.2 11.045
6.3 11.0093
6.4 10.9901
6.5 11.0147
6.6 11.0481
6.7 11.0653
6.8 11.0717
6.9 11.0452
7 11.0035
7.1 10.9856
7.2 10.9873
7.3 11.0062
7.4 11.0411
7.5 11.0561
7.6 11.0418
7.7 11.0192
7.8 10.9898
7.9 10.9736
8 10.9891
8.1 11.0145
8.2 11.0342
8.3 11.0437
8.4 11.0276
8.5 10.9975
8.6 10.9806
8.7 10.9775
8.8 10.9915
8.9 11.0191
9 11.0344
9.1 11.0296
9.2 11.0137
9.3 10.9901
9.4 10.9754
9.5 10.9836
9.6 11.0019
9.7 11.0202
9.8 11.0309
9.9 11.0215
10 11.0002
10.1 10.9842
10.2 10.9784
10.3 10.9873
10.4 11.0081
10.5 11.0221
10.6 11.0224
10.7 11.0117
10.8 10.9927
10.9 10.9794
11 10.9821
11.1 10.9948
11.2 11.0104
11.3 11.021
11.4 11.0163
11.5 11.0014
11.6 10.9876
11.7 10.9804
11.8 10.9855
11.9 11.0007
12 11.0131
12.1 11.0162
12.2 11.0096
12.3 10.9951
12.4 10.9834
12.5 10.9828
12.6 10.991
12.7 11.0037
12.8 11.0134
12.9 11.0121
13 11.002
13.1 10.9904
13.2 10.983
13.3 10.9852
13.4 10.9959
13.5 11.0064
13.6 11.011
13.7 11.0073
13.8 10.9966
13.9 10.9867
13.906 10.9863
