0 0
0.1 0.0115649
0.2 0.123734
0.3 0.375231
0.4 0.733792
0.5 1.22644
0.6 1.84877
0.7 2.51189
0.8 3.19232
0.9 3.89882
1 4.60841
1.1 5.34843
1.2 6.14643
1.3 6.97284
1.4 7.79384
1.5 8.59396
1.6 9.33981
1.7 10.0338
1.8 10.7114
1.9 11.3907
2 12.0786
2.1 12.7771
2.2 13.4638
2.3 14.1168
2.4 14.7429
2.5 15.3545
2.6 15.9687
2.7 16.6006
2.8 17.242
2.9 17.8604
3 18.4227
3.1 18.8991
3.2 19.2727
3.3 19.5483
3.4 19.7388
3.5 19.8536
3.6 19.8996
3.7 19.8838
3.8 19.8174
3.9 19.7314
4 19.6752
4.1 19.6952
4.2 19.7449
4.3 19.7887
4.4 19.8435
4.5 19.8548
4.6 19.789
4.7 19.7209
4.8 19.6809
4.9 19.668
5 19.7112
5.1 19.7733
5.2 19.7941
5.3 19.7724
5.4 19.7243
5.5 19.6617
5.6 19.6333
5.7 19.656
5.8 19.6983
5.9 19.7341
6 19.7416
6.1 19.7047
6.2 19.6475
6.3 19.6095
6.4 19.6041
6.5 19.632
6.6 19.6748
6.7 19.6975
6.8 19.6828
6.9 19.643
7 19.5992
7.1 19.5769
7.2 19.5907
7.3 19.6267
7.4 19.6582
7.5 19.6656
7.6 19.6427
7.7 19.6027
7.8 19.5725
7.9 19.5695
8 19.5925
8.1 19.6257
8.2 19.6463
8.3 19.6394
8.4 19.6106
8.5 19.5788
8.6 19.5633
8.7 19.574
8.8 19.603
8.9 19.6305
9 19.6389
9.1 19.624
9.2 19.5958
9.3 19.5731
9.4 19.5707
9.5 19.589
9.6 19.6155
9.7 19.6329
9.8 19.6299
9.9 19.609
10 19.5843
10.1 19.5716
10.2 19.5784
10.3 19.5997
10.4 19.6209
10.5 19.6282
10.6 19.6173
10.7 19.5958
10.8 19.5777
10.9 19.5746
11 19.5879
11.1 19.6083
11.2 19.6224
11.3 19.6212
11.4 19.606
11.5 19.5871
11.6 19.5768
11.7 19.5814
11.8 19.5974
11.9 19.6142
12 19.6207
12.1 19.6132
12.2 19.5969
12.3 19.5828
12.4 19.5797
12.5 19.5894
12.6 19.6051
12.7 19.6164
12.8 19.6162
12.9 19.6051
13 19.5905
13.1 19.582
13.2 19.5849
13.3 19.5969
13.4 19.6099
13.5 19.6155
13.6 19.6103
13.7 19.598
13.8 19.5869
13.9 19.584
14 19.5909
14.1 19.6029
14.2 19.6119
14.3 19.6123
14.4 19.6041
14.5 19.5929
14.6 19.586
14.7 19.5877
14.8 19.5966
14.9 19.6067
15 19.6114
15.1 19.6078
15.2 19.5986
15.3 19.5898
15.4 19.5872
15.5 19.5921
15.6 19.6012
15.7 19.6084
15.8 19.6091
15.9 19.6031
16 19.5944
16.1 19.5889
16.2 19.5898
16.3 19.5964
16.4 19.6042
16.5 19.6081
16.6 19.6057
16.7 19.5988
16.8 19.5919
16.9 19.5895
17 19.593
17.1 19.5999
17.2 19.6056
17.3 19.6064
17.4 19.602
17.5 19.5954
17.6 19.5909
17.7 19.5914
17.8 19.5962
17.9 19.6023
18 19.6055
18.1 19.6039
18.2 19.5987
18.3 19.5934
18.4 19.5913
18.5 19.5937
18.6 19.5989
18.7 19.6034
18.8 19.6043
18.9 19.6011
19 19.5961
19.1 19.5925
19.2 19.5926
19.3 19.5962
19.4 19.6008
19.5 19.6035
19.6 19.6025
19.671 19.5999
