0 0
0.1 0.00481395
0.2 0.0498501
0.3 0.148513
0.4 0.302104
0.5 0.534374
0.6 0.823312
0.7 1.14539
0.8 1.49218
0.9 1.83829
1 2.18812
1.1 2.55565
1.2 2.93712
1.3 3.33773
1.4 3.74545
1.5 4.13464
1.6 4.49809
1.7 4.82827
1.8 5.12738
1.9 5.41438
2 5.69332
2.1 5.96455
2.2 6.22583
2.3 6.46038
2.4 6.66442
2.5 6.84207
2.6 6.99699
2.7 7.14439
2.8 7.28868
2.9 7.42343
3 7.54277
3.1 7.63194
3.2 7.68389
3.3 7.70315
3.4 7.69452
3.5 7.66965
3.6 7.63683
3.7 7.59624
3.8 7.55112
3.9 7.50562
4 7.47088
4.1 7.4653
4.2 7.47295
4.3 7.49
4.4 7.51803
4.5 7.52013
4.6 7.49876
4.7 7.4658
4.8 7.42258
4.9 7.39852
5 7.39787
5.1 7.40569
5.2 7.41917
5.3 7.41784
5.4 7.39499
5.5 7.36764
5.6 7.34147
5.7 7.33009
5.8 7.34104
5.9 7.35703
6 7.36978
6.1 7.37061
6.2 7.35246
6.3 7.33132
6.4 7.31704
6.5 7.31459
6.6 7.32907
6.7 7.34615
6.8 7.35489
6.9 7.3526
7 7.33646
7.1 7.3188
7.2 7.31079
7.3 7.31365
7.4 7.32772
7.5 7.34247
7.6 7.34713
7.7 7.3413
7.8 7.32685
7.9 7.31276
8 7.30888
8.1 7.31512
8.2 7.32778
8.3 7.33913
8.4 7.34051
8.5 7.33239
8.6 7.31979
8.7 7.30949
8.8 7.30877
8.9 7.31686
9 7.32788
9.1 7.33575
9.2 7.33463
9.3 7.3256
9.4 7.31495
9.5 7.30823
9.6 7.30989
9.7 7.3185
9.8 7.32769
9.9 7.33236
10 7.32935
10.1 7.32043
10.2 7.31181
10.3 7.30818
10.4 7.31158
10.5 7.31986
10.6 7.32716
10.7 7.32922
10.8 7.32494
10.9 7.31681
11 7.31023
11.1 7.30903
11.2 7.31349
11.3 7.32086
11.4 7.32621
11.5 7.32623
11.6 7.32124
11.7 7.31423
11.8 7.30961
11.9 7.31019
12 7.31514
12.1 7.32133
12.2 7.32484
12.3 7.32341
12.4 7.31824
12.5 7.31252
12.6 7.30971
12.7 7.31151
12.8 7.31647
12.9 7.3214
13 7.32328
13.1 7.32092
13.2 7.31598
13.3 7.31157
13.4 7.31028
13.5 7.31284
13.6 7.31745
13.7 7.32112
13.8 7.32166
13.868 7.32002
