0 0
0.1 0.0168395
0.2 0.132749
0.3 0.354934
0.4 0.684007
0.5 1.15098
0.6 1.71988
0.7 2.37094
0.8 3.09307
0.9 3.85465
1 4.66338
1.1 5.52639
1.2 6.42569
1.3 7.3691
1.4 8.32454
1.5 9.27008
1.6 10.2048
1.7 11.1133
1.8 12.0153
1.9 12.9187
2 13.8207
2.1 14.7239
2.2 15.6128
2.3 16.4803
2.4 17.3334
2.5 18.1747
2.6 19.0157
2.7 19.8584
2.8 20.6843
2.9 21.4757
3 22.2021
3.1 22.8398
3.2 23.3788
3.3 23.8092
3.4 24.1334
3.5 24.3537
3.6 24.4722
3.7 24.5034
3.8 24.4684
3.9 24.4034
4 24.3586
4.1 24.3673
4.2 24.3811
4.3 24.4015
4.4 24.4247
4.5 24.408
4.6 24.3719
4.7 24.333
4.8 24.2982
4.9 24.2989
5 24.3208
5.1 24.3377
5.2 24.3502
5.3 24.3293
5.4 24.2963
5.5 24.2731
5.6 24.2606
5.7 24.2781
5.8 24.3016
5.9 24.3134
6 24.3104
6.1 24.2855
6.2 24.2591
6.3 24.249
6.4 24.2546
6.5 24.2765
6.6 24.2963
6.7 24.2976
6.8 24.2856
6.9 24.2624
7 24.2465
7.1 24.2492
7.2 24.2637
7.3 24.2842
7.4 24.2942
7.5 24.2866
7.6 24.2699
7.7 24.2527
7.8 24.2477
7.9 24.2589
8 24.2757
8.1 24.2889
8.2 24.289
8.3 24.2753
8.4 24.2595
8.5 24.2502
8.6 24.2541
8.7 24.2688
8.8 24.2824
8.9 24.2874
9 24.2803
9.1 24.2659
9.2 24.2555
9.3 24.255
9.4 24.2651
9.5 24.2792
9.6 24.287
9.7 24.2845
9.8 24.2736
9.9 24.2616
10 24.2574
10.1 24.2629
10.2 24.2743
10.3 24.2839
10.4 24.2849
10.5 24.2773
10.6 24.2663
10.7 24.2591
10.8 24.2608
10.9 24.2696
11 24.2793
11.1 24.2836
11.2 24.2794
11.3 24.2702
11.4 24.2621
11.5 24.2605
11.6 24.2664
11.7 24.2754
11.8 24.2814
11.9 24.2807
12 24.2737
12.1 24.2656
12.2 24.2618
12.3 24.2646
12.4 24.2721
12.5 24.2789
12.6 24.2806
12.7 24.2763
12.8 24.2689
12.9 24.2637
13 24.264
13.1 24.2694
13.2 24.2762
13.3 24.2796
13.4 24.2776
13.5 24.2718
13.6 24.266
13.7 24.2642
13.8 24.2676
13.9 24.2735
14 24.278
14.1 24.2781
14.2 24.2739
14.3 24.2684
14.4 24.2652
14.5 24.2666
14.6 24.2713
14.7 24.2761
14.8 24.2778
14.9 24.2753
15 24.2705
15.1 24.2667
15.2 24.2663
15.3 24.2696
15.4 24.2741
15.5 24.2769
15.6 24.276
15.7 24.2723
15.8 24.2682
15.9 24.2666
16 24.2684
16.1 24.2723
16.2 24.2756
16.3 24.2761
16.4 24.2736
16.5 24.2698
16.6 24.2674
16.7 24.2678
16.8 24.2708
16.9 24.2741
17 24.2756
17.1 24.2743
17.2 24.2712
17.3 24.2684
17.4 24.2678
17.5 24.2697
17.6 24.2727
17.7 24.2748
17.8 24.2746
17.9 24.2723
18 24.2695
18.1 24.2681
18.2 24.269
18.3 24.2715
18.4 24.2738
18.5 24.2745
18.6 24.273
18.7 24.2705
18.8 24.2687
18.8815 24.2686
