0 0
0.1 0.0103662
0.2 0.0599091
0.3 0.145826
0.4 0.266324
0.5 0.432189
0.6 0.62117
0.7 0.830706
0.8 1.0525
0.9 1.27151
1 1.50054
1.1 1.73292
1.2 1.97076
1.3 2.21805
1.4 2.45681
1.5 2.68815
1.6 2.90367
1.7 3.09836
1.8 3.28499
1.9 3.4602
2 3.63162
2.1 3.80105
2.2 3.95774
2.3 4.10509
2.4 4.23559
2.5 4.34956
2.6 4.45505
2.7 4.54792
2.8 4.63358
2.9 4.70775
3 4.76175
3.1 4.79663
3.2 4.80567
3.3 4.79347
3.4 4.76744
3.5 4.72948
3.6 4.68958
3.7 4.64861
3.8 4.60941
3.9 4.58085
4 4.56839
4.1 4.57785
4.2 4.58732
4.3 4.59879
4.4 4.61529
4.5 4.61405
4.6 4.60852
4.7 4.59566
4.8 4.57732
4.9 4.5735
5 4.57127
5.1 4.57581
5.2 4.58261
5.3 4.57596
5.4 4.56855
5.5 4.55461
5.6 4.5413
5.7 4.54058
5.8 4.54088
5.9 4.54814
6 4.55333
6.1 4.54807
6.2 4.54245
6.3 4.53089
6.4 4.52351
6.5 4.52542
6.6 4.52816
6.7 4.53641
6.8 4.5395
6.9 4.53503
7 4.52974
7.1 4.52004
7.2 4.51654
7.3 4.51935
7.4 4.52333
7.5 4.53076
7.6 4.53155
7.7 4.52736
7.8 4.52183
7.9 4.51402
8 4.51311
8.1 4.51618
8.2 4.52081
8.3 4.52664
8.4 4.5257
8.5 4.52172
8.6 4.51611
8.7 4.51041
8.8 4.51122
8.9 4.51439
9 4.51923
9.1 4.52323
9.2 4.52122
9.3 4.51743
9.4 4.5121
9.5 4.50849
9.6 4.51032
9.7 4.51354
9.8 4.51814
9.9 4.52037
10 4.51781
10.1 4.5142
10.2 4.5095
10.3 4.50771
10.4 4.51006
10.5 4.51326
10.6 4.51724
10.7 4.51795
10.8 4.51522
10.9 4.5118
11 4.50797
11.1 4.50764
11.2 4.51014
11.3 4.51324
11.4 4.51636
11.5 4.51592
11.6 4.51323
11.7 4.51005
11.8 4.50724
11.9 4.50794
12 4.51039
12.1 4.51328
12.2 4.51543
12.3 4.51422
12.4 4.5117
12.5 4.50883
12.6 4.50705
12.7 4.50841
12.8 4.5107
12.9 4.51327
13 4.51447
13.1 4.51282
13.2 4.51052
13.3 4.50807
13.4 4.50723
13.5 4.50891
13.6 4.511
13.7 4.51315
13.8 4.51351
13.9 4.51169
14 4.50963
14.1 4.50767
14.15 4.50729
