0 0
0.1 0.0102063
0.2 0.0819726
0.3 0.220454
0.4 0.425399
0.5 0.723137
0.6 1.08422
0.7 1.4952
0.8 1.94866
0.9 2.42037
1 2.91989
1.1 3.45462
1.2 4.01433
1.3 4.60419
1.4 5.20424
1.5 5.79068
1.6 6.36471
1.7 6.91177
1.8 7.44164
1.9 7.96777
2 8.48161
2.1 8.98916
2.2 9.47731
2.3 9.93348
2.4 10.3637
2.5 10.7659
2.6 11.1506
2.7 11.5272
2.8 11.8881
2.9 12.2279
3 12.5333
3.1 12.7889
3.2 12.9949
3.3 13.1508
3.4 13.2608
3.5 13.3346
3.6 13.3703
3.7 13.3721
3.8 13.3482
3.9 13.3093
4 13.2846
4.1 13.2937
4.2 13.3061
4.3 13.3263
4.4 13.3509
4.5 13.3425
4.6 13.3175
4.7 13.2832
4.8 13.2475
4.9 13.2395
5 13.2506
5.1 13.2656
5.2 13.2809
5.3 13.2726
5.4 13.2483
5.5 13.2274
5.6 13.2102
5.7 13.217
5.8 13.2376
5.9 13.2527
6 13.2617
6.1 13.2494
6.2 13.2271
6.3 13.2124
6.4 13.2068
6.5 13.2193
6.6 13.2392
6.7 13.2496
6.8 13.2493
6.9 13.2348
7 13.2153
7.1 13.2072
7.2 13.2105
7.3 13.2247
7.4 13.2416
7.5 13.2458
7.6 13.2392
7.7 13.2244
7.8 13.2097
7.9 13.2081
8 13.2165
8.1 13.2305
8.2 13.2419
8.3 13.2406
8.4 13.2303
8.5 13.217
8.6 13.2082
8.7 13.2115
8.8 13.2226
8.9 13.2341
9 13.24
9.1 13.2347
9.2 13.2232
9.3 13.2133
9.4 13.21
9.5 13.2167
9.6 13.2279
9.7 13.2358
9.8 13.2366
9.9 13.2288
10 13.2182
10.1 13.2121
10.2 13.2132
10.3 13.2216
10.4 13.2312
10.5 13.2352
10.6 13.2323
10.7 13.2237
10.8 13.2154
10.9 13.2132
11 13.2175
11.1 13.226
11.2 13.2329
11.3 13.2334
11.4 13.228
11.5 13.2201
11.6 13.2147
11.7 13.2157
11.8 13.2217
11.9 13.2289
12 13.2327
12.1 13.2304
12.2 13.2241
12.3 13.2178
12.4 13.2154
12.5 13.2187
12.6 13.225
12.7 13.2302
12.8 13.2312
12.9 13.2272
13 13.2211
13.1 13.2169
13.2 13.2171
13.3 13.2217
13.4 13.2273
13.5 13.2303
13.6 13.229
13.681 13.2253
