0 0
0.1 0.00684291
0.2 0.0714205
0.3 0.215505
0.4 0.436152
0.5 0.763929
0.6 1.17711
0.7 1.63481
0.8 2.12677
0.9 2.62977
1 3.1358
1.1 3.67143
1.2 4.23548
1.3 4.81915
1.4 5.41789
1.5 5.99516
1.6 6.53414
1.7 7.03845
1.8 7.50759
1.9 7.96191
2 8.41547
2.1 8.86091
2.2 9.29133
2.3 9.69545
2.4 10.0619
2.5 10.3995
2.6 10.722
2.7 11.0373
2.8 11.3534
2.9 11.6601
3 11.9373
3.1 12.1712
3.2 12.3497
3.3 12.4724
3.4 12.5502
3.5 12.5909
3.6 12.6006
3.7 12.5837
3.8 12.5423
3.9 12.4881
4 12.4462
4.1 12.4428
4.2 12.4583
4.3 12.4842
4.4 12.5219
4.5 12.526
4.6 12.4926
4.7 12.4474
4.8 12.3979
4.9 12.3713
5 12.384
5.1 12.4071
5.2 12.4259
5.3 12.4281
5.4 12.3969
5.5 12.3583
5.6 12.3326
5.7 12.3254
5.8 12.3457
5.9 12.3742
6 12.3874
6.1 12.3812
6.2 12.3558
6.3 12.3244
6.4 12.3102
6.5 12.3171
6.6 12.3379
6.7 12.3619
6.8 12.3696
6.9 12.3565
7 12.3337
7.1 12.3118
7.2 12.3058
7.3 12.3191
7.4 12.3401
7.5 12.3563
7.6 12.3577
7.7 12.3423
7.8 12.3212
7.9 12.3078
8 12.3085
8.1 12.3235
8.2 12.342
8.3 12.3514
8.4 12.3471
8.5 12.3315
8.6 12.3146
8.7 12.3077
8.8 12.314
8.9 12.329
9 12.3434
9.1 12.3476
9.2 12.3393
9.3 12.3247
9.4 12.3124
9.5 12.3102
9.6 12.3192
9.7 12.3326
9.8 12.3421
9.9 12.3417
10 12.3317
10.1 12.319
10.2 12.3114
10.3 12.3133
10.4 12.3233
10.5 12.3346
10.6 12.3399
10.7 12.3362
10.8 12.3262
10.9 12.3162
11 12.3126
11.1 12.3173
11.2 12.3269
11.3 12.3353
11.4 12.337
11.5 12.3314
11.6 12.3221
11.7 12.3151
11.8 12.3146
11.9 12.3207
12 12.3292
12.1 12.3346
12.2 12.3336
12.3 12.3271
12.4 12.3193
12.5 12.3152
12.6 12.317
12.7 12.3235
12.8 12.3303
12.9 12.3331
13 12.3302
13.1 12.3238
13.2 12.3179
13.3 12.3161
13.4 12.3195
13.5 12.3256
13.6 12.3305
13.7 12.3311
13.7625 12.3291
