0 0
0.1 0.0207544
0.2 0.130852
0.3 0.312558
0.4 0.564918
0.5 0.905933
0.6 1.28785
0.7 1.71778
0.8 2.1707
0.9 2.63117
1 3.11614
1.1 3.61197
1.2 4.12578
1.3 4.65428
1.4 5.17469
1.5 5.6846
1.6 6.17685
1.7 6.64771
1.8 7.11888
1.9 7.58781
2 8.05952
2.1 8.53809
2.2 9.00063
2.3 9.45783
2.4 9.90131
2.5 10.3338
2.6 10.775
2.7 11.2092
2.8 11.6442
2.9 12.0622
3 12.4414
3.1 12.7829
3.2 13.0658
3.3 13.2982
3.4 13.4816
3.5 13.6102
3.6 13.6965
3.7 13.7366
3.8 13.7442
3.9 13.7445
4 13.7607
4.1 13.8134
4.2 13.8473
4.3 13.8774
4.4 13.9046
4.5 13.8907
4.6 13.8726
4.7 13.8417
4.8 13.814
4.9 13.8149
5 13.8211
5.1 13.8338
5.2 13.8411
5.3 13.8223
5.4 13.8005
5.5 13.7785
5.6 13.7627
5.7 13.7743
5.8 13.7831
5.9 13.7924
6 13.7938
6.1 13.7696
6.2 13.7549
6.3 13.7372
6.4 13.7337
6.5 13.7504
6.6 13.7561
6.7 13.766
6.8 13.7573
6.9 13.737
7 13.7269
7.1 13.7157
7.2 13.7242
7.3 13.7382
7.4 13.7442
7.5 13.7481
7.6 13.735
7.7 13.72
7.8 13.713
7.9 13.7105
8 13.7224
8.1 13.7344
8.2 13.7372
8.3 13.7356
8.4 13.7216
8.5 13.7101
8.6 13.7086
8.7 13.7106
8.8 13.7242
8.9 13.7317
9 13.7305
9.1 13.726
9.2 13.7115
9.3 13.7062
9.4 13.7074
9.5 13.7129
9.6 13.7255
9.7 13.7274
9.8 13.7246
9.9 13.7169
10 13.7057
10.1 13.7051
10.2 13.7083
10.3 13.7163
10.4 13.7248
10.5 13.7234
10.6 13.7186
10.7 13.7103
10.8 13.7033
10.9 13.7058
11 13.7108
11.1 13.7182
11.2 13.7229
11.3 13.7186
11.4 13.713
11.5 13.7059
11.6 13.7026
11.7 13.7076
11.8 13.7126
11.9 13.7187
12 13.7196
12.1 13.7137
12.2 13.7087
12.3 13.7032
12.4 13.7038
12.5 13.7095
12.6 13.7139
12.7 13.7179
12.8 13.7155
12.9 13.7097
13 13.7055
13.1 13.7025
13.2 13.7057
13.3 13.711
13.4 13.7144
13.5 13.7158
13.6 13.7117
13.7 13.7065
13.8 13.7037
13.9 13.7032
14 13.7076
14.1 13.712
14.2 13.7138
14.3 13.7132
14.4 13.7082
14.5 13.7044
14.6 13.7032
14.7 13.7045
14.7655 13.7076
