0 0
0.1 0.000693702
0.2 0.038522
0.3 0.159986
0.4 0.394713
0.5 0.779267
0.6 1.29742
0.7 1.88606
0.8 2.49615
0.9 3.08532
1 3.63437
1.1 4.17244
1.2 4.73301
1.3 5.33254
1.4 5.97558
1.5 6.63362
1.6 7.26109
1.7 7.82978
1.8 8.32832
1.9 8.76832
2 9.18484
2.1 9.60779
2.2 10.0495
2.3 10.5067
2.4 10.9574
2.5 11.3762
2.6 11.7525
2.7 12.0892
2.8 12.4005
2.9 12.7045
3 13.0066
3.1 13.2951
3.2 13.547
3.3 13.7342
3.4 13.8375
3.5 13.8564
3.6 13.8077
3.7 13.7201
3.8 13.6265
3.9 13.5535
4 13.5213
4.1 13.5471
4.2 13.6119
4.3 13.6807
4.4 13.7302
4.5 13.7195
4.6 13.647
4.7 13.5553
4.8 13.4764
4.9 13.4395
5 13.4592
5.1 13.506
5.2 13.5438
5.3 13.5499
5.4 13.5098
5.5 13.4388
5.6 13.3717
5.7 13.3319
5.8 13.3308
5.9 13.3617
6 13.3965
6.1 13.4101
6.2 13.392
6.3 13.3461
6.4 13.2929
6.5 13.2574
6.6 13.2509
6.7 13.2709
6.8 13.3021
6.9 13.3225
7 13.3188
7.1 13.2922
7.2 13.2545
7.3 13.2245
7.4 13.2161
7.5 13.2304
7.6 13.2577
7.7 13.2823
7.8 13.2904
7.9 13.2788
8 13.2549
8.1 13.2316
8.2 13.2215
8.3 13.2293
8.4 13.2496
8.5 13.2712
8.6 13.2829
8.7 13.2791
8.8 13.2631
8.9 13.2441
9 13.2323
9.1 13.2334
9.2 13.2461
9.3 13.2627
9.4 13.2742
9.5 13.2749
9.6 13.2648
9.7 13.2498
9.8 13.2381
9.9 13.2353
10 13.2423
10.1 13.2546
10.2 13.2652
10.3 13.2686
10.4 13.2633
10.5 13.2525
10.6 13.2421
10.7 13.2375
10.8 13.2406
10.9 13.2491
11 13.2582
11.1 13.2629
11.2 13.2609
11.3 13.2536
11.4 13.2452
11.5 13.2399
11.6 13.2404
11.7 13.2459
11.8 13.2531
11.9 13.2581
12 13.2583
12.1 13.2538
12.2 13.2473
12.3 13.2422
12.4 13.2411
12.5 13.2442
12.6 13.2496
12.7 13.2542
12.8 13.2556
12.9 13.2533
13 13.2486
13.1 13.2441
13.2 13.2421
13.3 13.2435
13.4 13.2472
13.5 13.2512
13.6 13.2532
13.7 13.2523
13.8 13.2491
13.9 13.2454
14 13.2431
14.1 13.2433
14.2 13.2457
14.3 13.2489
14.4 13.2511
14.5 13.2511
14.6 13.2492
14.7 13.2463
14.8 13.2441
14.9 13.2436
15 13.2449
15.1 13.2473
15.2 13.2493
15.3 13.2499
15.4 13.2489
15.5 13.2468
15.6 13.2448
15.7 13.244
15.8 13.2446
15.9 13.2462
16 13.2479
16.1 13.2488
16.2 13.2484
16.3 13.247
16.4 13.2454
16.5 13.2444
16.6 13.2445
16.7 13.2456
16.8 13.2469
16.9 13.2479
17 13.2479
17.1 13.247
17.2 13.2458
17.3 13.2448
17.4 13.2446
17.5 13.2452
17.5615 13.2458
