0 0
0.1 0.00518661
0.2 0.08165
0.3 0.304793
0.4 0.694021
0.5 1.27609
0.6 2.05422
0.7 2.95479
0.8 3.8941
0.9 4.84458
1 5.80441
1.1 6.78689
1.2 7.83175
1.3 8.95949
1.4 10.1443
1.5 11.3413
1.6 12.5107
1.7 13.6272
1.8 14.6932
1.9 15.7432
2 16.8154
2.1 17.9293
2.2 19.0852
2.3 20.2654
2.4 21.4455
2.5 22.6113
2.6 23.7653
2.7 24.9176
2.8 26.0699
2.9 27.2063
3 28.2867
3.1 29.2554
3.2 30.0593
3.3 30.6656
3.4 31.07
3.5 31.2949
3.6 31.3793
3.7 31.3654
3.8 31.2906
3.9 31.1896
4 31.1006
4.1 31.0691
4.2 31.0863
4.3 31.1172
4.4 31.1605
4.5 31.1824
4.6 31.1423
4.7 31.0664
4.8 31.0059
4.9 30.9776
5 30.988
5.1 31.0342
5.2 31.0787
5.3 31.0858
5.4 31.0539
5.5 31.0007
5.6 30.9492
5.7 30.9245
5.8 30.9371
5.9 30.9697
6 30.9958
6.1 30.9982
6.2 30.9719
6.3 30.9284
6.4 30.8906
6.5 30.8767
6.6 30.8882
6.7 30.9126
6.8 30.9319
6.9 30.9305
7 30.9065
7.1 30.8723
7.2 30.8457
7.3 30.8399
7.4 30.8563
7.5 30.8845
7.6 30.9079
7.7 30.914
7.8 30.9016
7.9 30.8793
8 30.8607
8.1 30.8561
8.2 30.8664
8.3 30.8839
8.4 30.8969
8.5 30.8972
8.6 30.8847
8.7 30.8665
8.8 30.8529
8.9 30.8508
9 30.8599
9.1 30.8737
9.2 30.8834
9.3 30.8834
9.4 30.8741
9.5 30.8613
9.6 30.8527
9.7 30.8528
9.8 30.861
9.9 30.872
10 30.8793
10.1 30.879
10.2 30.872
10.3 30.8631
10.4 30.8578
10.5 30.8592
10.6 30.8664
10.7 30.8751
10.8 30.8806
10.9 30.8802
11 30.875
11.1 30.8688
11.2 30.8657
11.3 30.8676
11.4 30.8735
11.5 30.8802
11.6 30.884
11.7 30.8834
11.8 30.8793
11.9 30.8748
12 30.8728
12.1 30.8745
12.2 30.8791
12.3 30.8838
12.4 30.8863
12.5 30.8853
12.6 30.8819
12.7 30.8783
12.8 30.8768
12.9 30.8782
13 30.8815
13.1 30.8848
13.2 30.8862
13.3 30.8851
13.4 30.8823
13.5 30.8796
13.6 30.8785
13.7 30.8797
13.8 30.8822
13.9 30.8845
14 30.8853
14.1 30.8842
14.2 30.882
14.3 30.88
14.4 30.8794
14.5 30.8804
14.6 30.8823
14.7 30.884
14.8 30.8845
14.9 30.8835
15 30.8818
15.1 30.8804
15.2 30.88
15.3 30.8809
15.4 30.8824
15.5 30.8836
15.6 30.8838
15.7 30.8831
15.8 30.8818
15.9 30.8807
16 30.8805
16.1 30.8813
16.2 30.8824
16.3 30.8832
16.4 30.8834
16.5 30.8827
16.6 30.8817
16.7 30.881
16.8 30.8809
16.9 30.8815
17 30.8823
17.1 30.8829
17.2 30.8829
17.3 30.8824
17.4 30.8816
17.5 30.8811
17.6 30.8811
17.7 30.8816
17.8 30.8822
17.9 30.8826
18 30.8826
18.1 30.8821
18.2 30.8816
18.3 30.8812
18.4 30.8812
18.5 30.8816
18.6 30.8821
18.7 30.8824
18.8 30.8823
18.9 30.8819
19 30.8815
19.1 30.8812
19.2 30.8813
19.3 30.8816
19.4 30.8819
19.5 30.8821
19.6 30.882
19.7 30.8817
19.8 30.8814
19.9 30.8812
20 30.8813
20.1 30.8815
20.2 30.8818
20.3 30.8819
20.4 30.8818
20.5 30.8816
20.6 30.8813
20.7 30.8812
20.8 30.8813
20.9 30.8814
21 30.8816
21.1 30.8817
21.2 30.8816
21.3 30.8814
21.4 30.8813
21.5 30.8812
21.6 30.8812
21.7 30.8814
21.8 30.8815
21.9 30.8816
22 30.8815
22.1 30.8813
22.2 30.8812
22.3 30.8811
22.4 30.8812
22.5 30.8813
22.6 30.8814
22.7 30.8814
22.8 30.8814
22.9 30.8812
23 30.8811
23.1 30.8811
23.2 30.8811
23.3 30.8812
23.3295 30.8813
