0 0
0.1 0.00262527
0.2 0.0579034
0.3 0.227326
0.4 0.539678
0.5 1.03836
0.6 1.73229
0.7 2.5619
0.8 3.47754
0.9 4.46241
1 5.50253
1.1 6.61159
1.2 7.82906
1.3 9.16379
1.4 10.5915
1.5 12.0834
1.6 13.5997
1.7 15.1013
1.8 16.5829
1.9 18.0603
2 19.5434
2.1 21.0391
2.2 22.5423
2.3 24.023
2.4 25.4467
2.5 26.7928
2.6 28.0486
2.7 29.2123
2.8 30.2923
2.9 31.2883
3 32.1856
3.1 32.9636
3.2 33.6
3.3 34.0781
3.4 34.3986
3.5 34.5797
3.6 34.6479
3.7 34.6341
3.8 34.569
3.9 34.4811
4 34.4019
4.1 34.3718
4.2 34.3897
4.3 34.4304
4.4 34.4863
4.5 34.5154
4.6 34.4855
4.7 34.4271
4.8 34.3744
4.9 34.3424
5 34.3519
5.1 34.3998
5.2 34.448
5.3 34.4714
5.4 34.4674
5.5 34.4376
5.6 34.4005
5.7 34.3847
5.8 34.3966
5.9 34.4244
6 34.4551
6.1 34.4715
6.2 34.4616
6.3 34.4348
6.4 34.4082
6.5 34.3931
6.6 34.3968
6.7 34.4166
6.8 34.4374
6.9 34.4468
7 34.4417
7.1 34.4253
7.2 34.407
7.3 34.3984
7.4 34.4036
7.5 34.4177
7.6 34.433
7.7 34.4412
7.8 34.438
7.9 34.4267
8 34.4151
8.1 34.4094
8.2 34.4123
8.3 34.4219
8.4 34.4318
8.5 34.4361
8.6 34.4331
8.7 34.4248
8.8 34.416
8.9 34.4119
9 34.4143
9.1 34.4211
9.2 34.4283
9.3 34.4319
9.4 34.4301
9.5 34.4246
9.6 34.419
9.7 34.4164
9.8 34.4181
9.9 34.4229
10 34.4279
10.1 34.4301
10.2 34.4286
10.3 34.4245
10.4 34.4203
10.5 34.4183
10.6 34.4194
10.7 34.4226
10.8 34.4259
10.9 34.4275
11 34.4265
11.1 34.4238
11.2 34.421
11.3 34.4198
11.4 34.4207
11.5 34.423
11.6 34.4254
11.7 34.4265
11.8 34.4258
11.9 34.4239
12 34.422
12.1 34.4211
12.2 34.4216
12.3 34.4232
12.4 34.4248
12.5 34.4255
12.6 34.4249
12.7 34.4236
12.8 34.4222
12.9 34.4216
13 34.422
13.1 34.4232
13.2 34.4243
13.3 34.4248
13.4 34.4245
13.5 34.4236
13.6 34.4226
13.7 34.4222
13.8 34.4226
13.9 34.4233
14 34.4241
14.1 34.4244
14.1385 34.4244
