0 0
0.1 0.0138596
0.2 0.0923001
0.3 0.235237
0.4 0.438872
0.5 0.717947
0.6 1.04189
0.7 1.40262
0.8 1.78646
0.9 2.1727
1 2.5743
1.1 2.98499
1.2 3.40651
1.3 3.84091
1.4 4.26646
1.5 4.67886
1.6 5.06775
1.7 5.42867
1.8 5.77623
1.9 6.11216
2 6.44493
2.1 6.77617
2.2 7.09462
2.3 7.40074
2.4 7.68962
2.5 7.96425
2.6 8.23561
2.7 8.50327
2.8 8.76932
2.9 9.02552
3 9.25706
3.1 9.45747
3.2 9.6178
3.3 9.73931
3.4 9.82827
3.5 9.88622
3.6 9.91991
3.7 9.93106
3.8 9.92455
3.9 9.91549
4 9.92187
4.1 9.95808
4.2 9.99006
4.3 10.019
4.4 10.0474
4.5 10.0459
4.6 10.0307
4.7 10.0035
4.8 9.97251
4.9 9.96327
5 9.96333
5.1 9.97265
5.2 9.98129
5.3 9.97052
5.4 9.95248
5.5 9.92832
5.6 9.90949
5.7 9.90959
5.8 9.91686
5.9 9.92911
6 9.93439
6.1 9.92335
6.2 9.90734
6.3 9.8892
6.4 9.88054
6.5 9.88694
6.6 9.89745
6.7 9.90867
6.8 9.90973
6.9 9.89818
7 9.88437
7.1 9.87196
7.2 9.87068
7.3 9.88026
7.4 9.89102
7.5 9.89906
7.6 9.89604
7.7 9.88436
7.8 9.87287
7.9 9.8655
8 9.86904
8.1 9.87937
8.2 9.88848
8.3 9.89252
8.4 9.88632
8.5 9.87525
8.6 9.8664
8.7 9.86343
8.8 9.86982
8.9 9.87942
9 9.886
9.1 9.88623
9.2 9.87824
9.3 9.86858
9.4 9.86266
9.5 9.8633
9.6 9.87097
9.7 9.87899
9.8 9.88277
9.9 9.88003
10 9.8716
10.1 9.864
10.2 9.86105
10.3 9.86438
10.4 9.87212
10.5 9.87811
10.6 9.87923
10.7 9.87453
10.8 9.86669
10.9 9.8614
11 9.86106
11.1 9.86596
11.2 9.87284
11.3 9.87659
11.4 9.87544
11.5 9.86976
11.6 9.8632
11.7 9.86021
11.8 9.86194
11.9 9.86745
12 9.8729
12.1 9.87452
12.2 9.87173
12.3 9.86596
12.4 9.86108
12.5 9.86017
12.6 9.86329
12.7 9.86859
12.8 9.87236
12.9 9.87214
13 9.86836
13.1 9.86318
13.2 9.86008
13.3 9.86086
13.4 9.86468
13.5 9.86921
13.6 9.87126
13.7 9.86964
13.8 9.86552
13.9 9.86136
14 9.85995
14.1 9.86193
14.2 9.86586
14.3 9.86926
14.4 9.86978
14.5 9.86725
14.5975 9.86344
