0 0
0.1 0.00139197
0.2 0.0513131
0.3 0.219421
0.4 0.55551
0.5 1.11614
0.6 1.91261
0.7 2.88271
0.8 3.95923
0.9 5.09397
1 6.24768
1.1 7.42168
1.2 8.65212
1.3 9.95996
1.4 11.3452
1.5 12.7951
1.6 14.2716
1.7 15.7313
1.8 17.1553
1.9 18.5449
2 19.9147
2.1 21.2935
2.2 22.7047
2.3 24.1519
2.4 25.6262
2.5 27.111
2.6 28.5828
2.7 30.0225
2.8 31.4162
2.9 32.7463
3 33.9883
3.1 35.1115
3.2 36.0789
3.3 36.8551
3.4 37.4193
3.5 37.7701
3.6 37.9274
3.7 37.9315
3.8 37.8351
3.9 37.6943
4 37.5667
4.1 37.5089
4.2 37.5282
4.3 37.5935
4.4 37.6755
4.5 37.7159
4.6 37.68
4.7 37.5978
4.8 37.5096
4.9 37.4455
5 37.4351
5.1 37.4743
5.2 37.5238
5.3 37.5529
5.4 37.5466
5.5 37.501
5.6 37.4373
5.7 37.3874
5.8 37.3664
5.9 37.3744
6 37.4018
6.1 37.4271
6.2 37.4331
6.3 37.4191
6.4 37.3923
6.5 37.3634
6.6 37.3445
6.7 37.3399
6.8 37.3441
6.9 37.3501
7 37.352
7.1 37.3459
7.2 37.3344
7.3 37.3239
7.4 37.3188
7.5 37.3209
7.6 37.3297
7.7 37.3407
7.8 37.3494
7.9 37.3539
8 37.3544
8.1 37.3531
8.2 37.3535
8.3 37.3575
8.4 37.3649
8.5 37.3737
8.6 37.3815
8.7 37.3858
8.8 37.3863
8.9 37.3844
9 37.382
9.1 37.3811
9.2 37.3825
9.3 37.3854
9.4 37.3883
9.5 37.3899
9.6 37.3894
9.7 37.3871
9.8 37.3843
9.9 37.3822
10 37.3816
10.1 37.3824
10.2 37.3839
10.3 37.3851
10.4 37.3852
10.5 37.3843
10.6 37.3828
10.7 37.3815
10.8 37.3811
10.9 37.3816
11 37.3828
11.1 37.3841
11.2 37.3847
11.3 37.3846
11.4 37.3839
11.5 37.3831
11.6 37.3826
11.7 37.3828
11.8 37.3835
11.9 37.3842
12 37.3847
12.1 37.3847
12.2 37.3842
12.3 37.3835
12.4 37.3829
12.5 37.3827
12.6 37.3828
12.7 37.3832
12.8 37.3834
12.9 37.3834
13 37.383
13.1 37.3825
13.2 37.382
13.3 37.3817
13.4 37.3816
13.5 37.3818
13.6 37.3819
13.7 37.3819
13.8 37.3817
13.9 37.3814
14 37.381
14.1 37.3808
14.2 37.3807
14.3 37.3807
14.4 37.3808
14.5 37.3809
14.6 37.3808
14.7 37.3806
14.8 37.3804
14.9 37.3802
15 37.3802
15.1 37.3802
15.2 37.3802
15.3 37.3803
15.4 37.3803
15.5 37.3802
15.6 37.3801
15.7 37.38
15.8 37.3799
15.8565 37.3799
