0 0
0.1 0.00567814
0.2 0.0455955
0.3 0.124637
0.4 0.244743
0.5 0.422881
0.6 0.639131
0.7 0.886251
0.8 1.15644
0.9 1.4307
1 1.71971
1.1 2.02243
1.2 2.33813
1.3 2.67295
1.4 3.00873
1.5 3.33749
1.6 3.65191
1.7 3.9414
1.8 4.21627
1.9 4.47938
2 4.73336
2.1 4.9834
2.2 5.21842
2.3 5.43428
2.4 5.62857
2.5 5.79783
2.6 5.95212
2.7 6.09551
2.8 6.22927
2.9 6.35454
3 6.46067
3.1 6.54173
3.2 6.59495
3.3 6.61826
3.4 6.6204
3.5 6.60727
3.6 6.58317
3.7 6.55411
3.8 6.51978
3.9 6.48604
4 6.46433
4.1 6.46228
4.2 6.46719
4.3 6.47969
4.4 6.49792
4.5 6.49922
4.6 6.48956
4.7 6.46947
4.8 6.44362
4.9 6.4317
5 6.42911
5.1 6.43496
5.2 6.444
5.3 6.44034
5.4 6.42852
5.5 6.41082
5.6 6.39319
5.7 6.38879
5.8 6.39328
5.9 6.40329
6 6.41267
6.1 6.41046
6.2 6.40078
6.3 6.38778
6.4 6.37724
6.5 6.37807
6.6 6.38601
6.7 6.39619
6.8 6.40319
6.9 6.39973
7 6.39016
7.1 6.3797
7.2 6.37321
7.3 6.37651
7.4 6.38507
7.5 6.39346
7.6 6.39746
7.7 6.39245
7.8 6.38316
7.9 6.37498
8 6.37156
8.1 6.37641
8.2 6.38463
8.3 6.39101
8.4 6.39248
8.5 6.38651
8.6 6.37812
8.7 6.3722
8.8 6.37126
8.9 6.37699
9 6.38433
9.1 6.38874
9.2 6.38823
9.3 6.3819
9.4 6.37477
9.5 6.37094
9.6 6.37191
9.7 6.37793
9.8 6.38405
9.9 6.38665
10 6.38467
10.1 6.37846
10.2 6.37277
10.3 6.37077
10.4 6.37308
10.5 6.37887
10.6 6.38364
10.7 6.38467
10.8 6.38173
10.9 6.37603
11 6.37181
11.1 6.37132
11.2 6.37444
11.3 6.37966
11.4 6.38306
11.5 6.38281
11.6 6.37934
11.7 6.37439
11.8 6.37154
11.9 6.37221
12 6.3757
12.1 6.38011
12.2 6.38224
12.3 6.38101
12.4 6.37739
12.5 6.37335
12.6 6.37172
12.7 6.37323
12.8 6.37674
12.9 6.38024
13 6.38126
13.1 6.37938
13.2 6.37591
13.3 6.37281
13.4 6.37222
13.5 6.37426
13.6 6.37752
13.7 6.38011
13.8 6.38022
13.9 6.37797
14 6.37486
14.0595 6.37335
