0 0
0.1 0.00363782
0.2 0.0490396
0.3 0.15666
0.4 0.326073
0.5 0.581852
0.6 0.900908
0.7 1.24421
0.8 1.59892
0.9 1.9409
1 2.27098
1.1 2.61514
1.2 2.97774
1.3 3.35994
1.4 3.75292
1.5 4.12475
1.6 4.4579
1.7 4.75025
1.8 5.00519
1.9 5.24467
2 5.48556
2.1 5.72598
2.2 5.9602
2.3 6.17233
2.4 6.34742
2.5 6.48958
2.6 6.60859
2.7 6.71788
2.8 6.83049
2.9 6.94196
3 7.03886
3.1 7.10689
3.2 7.13272
3.3 7.11753
3.4 7.07395
3.5 7.01602
3.6 6.95759
3.7 6.90425
3.8 6.85417
3.9 6.80873
4 6.7763
4.1 6.77254
4.2 6.78353
4.3 6.80145
4.4 6.82878
4.5 6.82758
4.6 6.79386
4.7 6.74685
4.8 6.69157
4.9 6.6555
5 6.65138
5.1 6.66066
5.2 6.67305
5.3 6.67191
5.4 6.64408
5.5 6.60538
5.6 6.57156
5.7 6.55321
5.8 6.56063
5.9 6.58162
6 6.59734
6.1 6.59941
6.2 6.58147
6.3 6.55245
6.4 6.53128
6.5 6.52572
6.6 6.53795
6.7 6.56044
6.8 6.57555
6.9 6.57518
7 6.5599
7.1 6.53691
7.2 6.52147
7.3 6.52171
7.4 6.53527
7.5 6.55447
7.6 6.56634
7.7 6.56318
7.8 6.54813
7.9 6.52951
8 6.51831
8.1 6.52125
8.2 6.53498
8.3 6.55068
8.4 6.55884
8.5 6.554
8.6 6.53957
8.7 6.52448
8.8 6.51716
8.9 6.52176
9 6.5348
9.1 6.54757
9.2 6.55245
9.3 6.5465
9.4 6.53332
9.5 6.5212
9.6 6.51704
9.7 6.52276
9.8 6.53457
9.9 6.54476
10 6.54711
10.1 6.54048
10.2 6.5289
10.3 6.51947
10.4 6.5177
10.5 6.52409
10.6 6.53445
10.7 6.54225
10.8 6.5427
10.9 6.53577
11 6.5258
11.1 6.51874
11.2 6.5187
11.3 6.52527
11.4 6.53413
11.5 6.53979
11.6 6.53884
11.7 6.53201
11.8 6.52359
11.9 6.51859
12 6.51981
12.1 6.52621
12.2 6.53364
12.3 6.53751
12.4 6.53557
12.5 6.52913
12.6 6.52219
12.7 6.51888
12.8 6.52098
12.9 6.52697
13 6.53302
13.1 6.53543
13.2 6.53284
13.3 6.52695
13.4 6.52139
13.5 6.51945
13.6 6.5221
13.6275 6.52342
