0 0
0.1 0.00106264
0.2 0.0443701
0.3 0.186529
0.4 0.467177
0.5 0.935536
0.6 1.5959
0.7 2.39345
0.8 3.28208
0.9 4.22838
1 5.20548
1.1 6.22957
1.2 7.33474
1.3 8.52993
1.4 9.81154
1.5 11.1606
1.6 12.532
1.7 13.8893
1.8 15.2215
1.9 16.5276
2 17.8221
2.1 19.1276
2.2 20.4485
2.3 21.7728
2.4 23.0827
2.5 24.3533
2.6 25.5636
2.7 26.7083
2.8 27.7862
2.9 28.7941
3 29.7249
3.1 30.5604
3.2 31.2727
3.3 31.8381
3.4 32.2421
3.5 32.4846
3.6 32.5844
3.7 32.574
3.8 32.4913
3.9 32.3777
4 32.2755
4.1 32.2272
4.2 32.2366
4.3 32.2811
4.4 32.3391
4.5 32.3618
4.6 32.3258
4.7 32.2603
4.8 32.1933
4.9 32.1494
5 32.154
5.1 32.1953
5.2 32.2394
5.3 32.266
5.4 32.2611
5.5 32.2232
5.6 32.177
5.7 32.1469
5.8 32.1412
5.9 32.161
6 32.1937
6.1 32.2163
6.2 32.2177
6.3 32.1997
6.4 32.1696
6.5 32.1423
6.6 32.13
6.7 32.1333
6.8 32.1468
6.9 32.1631
7 32.1728
7.1 32.1723
7.2 32.1655
7.3 32.1575
7.4 32.1536
7.5 32.1578
7.6 32.1679
7.7 32.1786
7.8 32.1857
7.9 32.1864
8 32.1809
8.1 32.1736
8.2 32.1685
8.3 32.1677
8.4 32.1712
8.5 32.1764
8.6 32.1798
8.7 32.1796
8.8 32.1759
8.9 32.1703
9 32.1657
9.1 32.1641
9.2 32.1655
9.3 32.1686
9.4 32.1715
9.5 32.1722
9.6 32.1704
9.7 32.1672
9.8 32.1642
9.9 32.1628
10 32.1635
10.1 32.1655
10.2 32.1676
10.3 32.1687
10.4 32.1681
10.5 32.1663
10.6 32.1645
10.7 32.1634
10.8 32.1636
10.9 32.165
11 32.1666
11.1 32.1675
11.2 32.1675
11.3 32.1667
11.4 32.1654
11.5 32.1646
11.6 32.1647
11.7 32.1654
11.8 32.1665
11.9 32.1673
12 32.1675
12.1 32.167
12.2 32.1663
12.3 32.1657
12.4 32.1656
12.5 32.166
12.6 32.1667
12.7 32.1674
12.8 32.1676
12.9 32.1675
13 32.167
13.1 32.1666
13.2 32.1665
13.3 32.1667
13.4 32.1671
13.5 32.1676
13.6 32.1679
13.6835 32.1679
