0 0
0.1 0.0147547
0.2 0.101065
0.3 0.258826
0.4 0.491164
0.5 0.819961
0.6 1.21296
0.7 1.66911
0.8 2.17216
0.9 2.70269
1 3.27364
1.1 3.87515
1.2 4.50814
1.3 5.17031
1.4 5.83755
1.5 6.50249
1.6 7.15339
1.7 7.78306
1.8 8.40416
1.9 9.01549
2 9.62006
2.1 10.2182
2.2 10.7942
2.3 11.3491
2.4 11.8798
2.5 12.388
2.6 12.8875
2.7 13.3735
2.8 13.8456
2.9 14.2932
3 14.6971
3.1 15.0525
3.2 15.3482
3.3 15.5846
3.4 15.7669
3.5 15.8916
3.6 15.9658
3.7 15.9913
3.8 15.9776
3.9 15.9489
4 15.9303
4.1 15.9445
4.2 15.9563
4.3 15.9702
4.4 15.9863
4.5 15.9706
4.6 15.9463
4.7 15.913
4.8 15.8822
4.9 15.8784
5 15.8845
5.1 15.8982
5.2 15.9076
5.3 15.8955
5.4 15.8774
5.5 15.8581
5.6 15.8472
5.7 15.8577
5.8 15.8721
5.9 15.8853
6 15.8888
6.1 15.8731
6.2 15.8575
6.3 15.845
6.4 15.8441
6.5 15.8594
6.6 15.8715
6.7 15.8798
6.8 15.8753
6.9 15.8587
7 15.8476
7.1 15.8415
7.2 15.8486
7.3 15.8636
7.4 15.8721
7.5 15.8746
7.6 15.8647
7.7 15.8507
7.8 15.844
7.9 15.8442
8 15.8552
8.1 15.8672
8.2 15.8713
8.3 15.8681
8.4 15.8564
8.5 15.8461
8.6 15.8442
8.7 15.8492
8.8 15.8605
8.9 15.8684
9 15.8679
9.1 15.8612
9.2 15.8505
9.3 15.8448
9.4 15.8472
9.5 15.8547
9.6 15.8643
9.7 15.8677
9.8 15.8637
9.9 15.8558
10 15.8476
10.1 15.8463
10.2 15.8515
10.3 15.8593
10.4 15.8657
10.5 15.865
10.6 15.859
10.7 15.8516
10.8 15.8469
10.9 15.8492
11 15.8556
11.1 15.8622
11.2 15.8651
11.3 15.8614
11.4 15.855
11.5 15.8495
11.6 15.8483
11.7 15.8529
11.8 15.8591
11.9 15.8634
12 15.863
12.1 15.8578
12.2 15.8522
12.3 15.8492
12.4 15.8509
12.5 15.8563
12.6 15.8611
12.7 15.8628
12.8 15.8601
12.9 15.8548
13 15.8508
13.1 15.8503
13.2 15.8537
13.3 15.8588
13.4 15.8617
13.5 15.8611
13.6 15.8572
13.7 15.8527
13.7325 15.8517
