0 0
0.1 0.00296439
0.2 0.056283
0.3 0.208534
0.4 0.475601
0.5 0.892674
0.6 1.45398
0.7 2.09553
0.8 2.77478
0.9 3.46896
1 4.15965
1.1 4.86749
1.2 5.62523
1.3 6.43194
1.4 7.27072
1.5 8.11666
1.6 8.92901
1.7 9.68511
1.8 10.3959
1.9 11.0796
2 11.7582
2.1 12.4519
2.2 13.1561
2.3 13.8508
2.4 14.5218
2.5 15.1592
2.6 15.7648
2.7 16.3547
2.8 16.9399
2.9 17.5164
3 18.0676
3.1 18.5639
3.2 18.9732
3.3 19.2767
3.4 19.4725
3.5 19.5722
3.6 19.5975
3.7 19.5715
3.8 19.5131
3.9 19.4406
4 19.3785
4.1 19.3572
4.2 19.3687
4.3 19.3934
4.4 19.4294
4.5 19.4351
4.6 19.3886
4.7 19.3223
4.8 19.2596
4.9 19.2167
5 19.2165
5.1 19.2461
5.2 19.2704
5.3 19.2738
5.4 19.2501
5.5 19.2017
5.6 19.1558
5.7 19.136
5.8 19.1417
5.9 19.1656
6 19.1913
6.1 19.1963
6.2 19.177
6.3 19.1458
6.4 19.1162
6.5 19.1035
6.6 19.114
6.7 19.1366
6.8 19.1558
6.9 19.1612
7 19.1486
7.1 19.1255
7.2 19.107
7.3 19.1029
7.4 19.1141
7.5 19.1341
7.6 19.1506
7.7 19.1534
7.8 19.142
7.9 19.1238
8 19.1085
8.1 19.1049
8.2 19.1139
8.3 19.1288
8.4 19.1405
8.5 19.1425
8.6 19.1338
8.7 19.1204
8.8 19.1105
8.9 19.1096
9 19.1178
9.1 19.1302
9.2 19.1393
9.3 19.1405
9.4 19.1339
9.5 19.1241
9.6 19.1172
9.7 19.1174
9.8 19.1244
9.9 19.1338
10 19.1404
10.1 19.1407
10.2 19.135
10.3 19.1274
10.4 19.1223
10.5 19.1227
10.6 19.1281
10.7 19.1351
10.8 19.1395
10.9 19.1391
11 19.1344
11.1 19.1284
11.2 19.1246
11.3 19.1252
11.4 19.1294
11.5 19.1346
11.6 19.1377
11.7 19.137
11.8 19.1331
11.9 19.1285
12 19.1259
12.1 19.1265
12.2 19.1299
12.3 19.1338
12.4 19.136
12.5 19.1352
12.6 19.1321
12.7 19.1286
12.8 19.1267
12.9 19.1274
13 19.1301
13.1 19.133
13.2 19.1345
13.3 19.1337
13.4 19.1312
13.5 19.1286
13.6 19.1273
13.7 19.128
13.8 19.1301
13.9 19.1323
14 19.1333
14.1 19.1325
14.2 19.1306
14.3 19.1286
14.4 19.1277
14.5 19.1284
14.6 19.13
14.7 19.1317
14.8 19.1323
14.9 19.1317
15 19.1301
15.1 19.1287
15.2 19.1281
15.3 19.1286
15.4 19.13
15.5 19.1312
15.6 19.1316
15.7 19.131
15.8 19.1298
15.9 19.1287
16 19.1283
16.1 19.1288
16.2 19.1298
16.3 19.1307
16.4 19.131
16.5 19.1305
16.6 19.1295
16.7 19.1287
16.8 19.1285
16.9 19.1289
17 19.1297
17.1 19.1304
17.2 19.1305
17.3 19.1301
17.4 19.1294
17.5 19.1288
17.6 19.1286
17.7 19.129
17.8 19.1296
17.9 19.1301
18 19.1302
18.1 19.1298
18.2 19.1292
18.3 19.1288
18.4 19.1287
18.5 19.129
18.6 19.1295
18.7 19.1299
18.8 19.1299
18.9 19.1296
19 19.1292
19.1 19.1288
19.2 19.1288
19.2835 19.129
