0 0
0.1 0.000402816
0.2 0.0452093
0.3 0.20931
0.4 0.554242
0.5 1.13566
0.6 1.9506
0.7 2.91952
0.8 3.95588
0.9 4.98689
1 5.954
1.1 6.86185
1.2 7.76508
1.3 8.7086
1.4 9.72807
1.5 10.8381
1.6 11.996
1.7 13.139
1.8 14.2249
1.9 15.2229
2 16.1365
2.1 17.018
2.2 17.9212
2.3 18.8835
2.4 19.9304
2.5 21.0474
2.6 22.1863
2.7 23.3039
2.8 24.3602
2.9 25.3229
3 26.1868
3.1 26.9535
3.2 27.6125
3.3 28.1527
3.4 28.5559
3.5 28.7969
3.6 28.8702
3.7 28.7965
3.8 28.6168
3.9 28.3989
4 28.224
4.1 28.1654
4.2 28.2397
4.3 28.4014
4.4 28.577
4.5 28.6715
4.6 28.6359
4.7 28.501
4.8 28.3284
4.9 28.1887
5 28.1487
5.1 28.216
5.2 28.3393
5.3 28.4594
5.4 28.5173
5.5 28.4754
5.6 28.3569
5.7 28.2183
5.8 28.1091
5.9 28.0706
6 28.1102
6.1 28.1852
6.2 28.2474
6.3 28.2635
6.4 28.2142
6.5 28.119
6.6 28.0242
6.7 27.9639
6.8 27.9582
6.9 28.0079
7 28.0805
7.1 28.138
7.2 28.1589
7.3 28.1334
7.4 28.0743
7.5 28.0149
7.6 27.9803
7.7 27.9825
7.8 28.0209
7.9 28.0742
8 28.115
8.1 28.1276
8.2 28.1069
8.3 28.0622
8.4 28.016
8.5 27.9876
8.6 27.9861
8.7 28.0103
8.8 28.0459
8.9 28.0741
9 28.0824
9.1 28.0673
9.2 28.036
9.3 28.0032
9.4 27.983
9.5 27.9826
9.6 28.0003
9.7 28.0262
9.8 28.0478
9.9 28.0554
10 28.0463
10.1 28.026
10.2 28.0042
10.3 27.9905
10.4 27.9908
10.5 28.0037
10.6 28.0221
10.7 28.0378
10.8 28.044
10.9 28.0381
11 28.0243
11.1 28.0092
11.2 27.9992
11.3 27.999
11.4 28.0078
11.5 28.0203
11.6 28.0315
11.7 28.0362
11.8 28.0323
11.9 28.0228
12 28.0123
12.1 28.0049
12.2 28.0043
12.3 28.0102
12.4 28.0188
12.5 28.0268
12.6 28.0305
12.7 28.0281
12.8 28.0216
12.9 28.0141
13 28.0086
13.1 28.0078
13.2 28.0116
13.3 28.0177
13.4 28.0235
13.5 28.0263
13.6 28.0249
13.7 28.0204
13.8 28.015
13.9 28.0108
14 28.01
14.1 28.0125
14.2 28.0167
14.3 28.0209
14.4 28.0231
14.5 28.0223
14.6 28.0193
14.7 28.0153
14.8 28.0122
14.9 28.0114
15 28.013
15.1 28.016
15.2 28.0191
15.3 28.0208
15.4 28.0204
15.5 28.0184
15.6 28.0155
15.7 28.0132
15.8 28.0125
15.9 28.0135
16 28.0156
16.1 28.0179
16.2 28.0193
16.3 28.0191
16.323 28.0189
