0 0
0.1 0.00424705
0.2 0.0391002
0.3 0.107676
0.4 0.210284
0.5 0.363249
0.6 0.5417
0.7 0.735582
0.8 0.938171
0.9 1.12887
1 1.32368
1.1 1.52564
1.2 1.73381
1.3 1.9593
1.4 2.18131
1.5 2.39099
1.6 2.585
1.7 2.75057
1.8 2.90384
1.9 3.05133
2 3.19414
2.1 3.34206
2.2 3.47985
2.3 3.60096
2.4 3.70461
2.5 3.78233
2.6 3.84719
2.7 3.90413
2.8 3.95164
2.9 3.99444
3 4.01843
3.1 4.01679
3.2 3.98989
3.3 3.93375
3.4 3.86207
3.5 3.7837
3.6 3.7021
3.7 3.62655
3.8 3.55323
3.9 3.48513
4 3.43326
4.1 3.40142
4.2 3.37953
4.3 3.36934
4.4 3.36699
4.5 3.35017
4.6 3.32525
4.7 3.29292
4.8 3.258
4.9 3.24086
5 3.23542
5.1 3.23981
5.2 3.24889
5.3 3.24433
5.4 3.23176
5.5 3.21365
5.6 3.1948
5.7 3.19106
5.8 3.19659
5.9 3.20779
6 3.21971
6.1 3.21814
6.2 3.20864
6.3 3.19522
6.4 3.18255
6.5 3.18295
6.6 3.19085
6.7 3.20171
6.8 3.21105
6.9 3.20817
7 3.19855
7.1 3.18706
7.2 3.1779
7.3 3.18025
7.4 3.18872
7.5 3.19821
7.6 3.20484
7.7 3.20077
7.8 3.19134
7.9 3.18175
8 3.17553
8.1 3.17927
8.2 3.18775
8.3 3.19571
8.4 3.2
8.5 3.19514
8.6 3.18624
8.7 3.17851
8.8 3.17473
8.9 3.17936
9 3.18743
9.1 3.19382
9.2 3.19614
9.3 3.19081
9.4 3.18268
9.5 3.1767
9.6 3.17489
9.7 3.18003
9.8 3.1874
9.9 3.19228
10 3.19298
10.1 3.18747
10.2 3.18028
10.3 3.17588
10.4 3.17562
10.5 3.18092
10.6 3.18742
10.7 3.19091
10.8 3.19037
10.9 3.18493
11 3.17874
11.1 3.17575
11.2 3.17664
11.3 3.18184
11.4 3.18738
11.5 3.18963
11.6 3.18817
11.7 3.18299
11.8 3.17784
11.9 3.17605
12 3.17776
12.1 3.18266
12.2 3.18721
12.3 3.1884
12.4 3.18631
12.5 3.18154
12.6 3.1774
12.7 3.17661
12.8 3.17886
12.9 3.18332
13 3.18692
13.1 3.18723
13.2 3.18475
13.3 3.18049
13.4 3.1773
13.5 3.17731
13.6 3.17986
13.7 3.1838
13.7095 3.18415
