0 0
0.1 0.00893049
0.2 0.106865
0.3 0.356669
0.4 0.757798
0.5 1.3463
0.6 2.13456
0.7 3.05416
0.8 4.06083
0.9 5.15625
1 6.32403
1.1 7.5764
1.2 8.94191
1.3 10.4068
1.4 11.9307
1.5 13.4845
1.6 15.0382
1.7 16.5739
1.8 18.1113
1.9 19.6712
2 21.259
2.1 22.8702
2.2 24.4884
2.3 26.0878
2.4 27.6575
2.5 29.2039
2.6 30.7328
2.7 32.2457
2.8 33.7271
2.9 35.1392
3 36.4318
3.1 37.5615
3.2 38.499
3.3 39.2347
3.4 39.7778
3.5 40.1448
3.6 40.3539
3.7 40.4265
3.8 40.3925
3.9 40.2949
4 40.1951
4.1 40.1593
4.2 40.1727
4.3 40.2025
4.4 40.2542
4.5 40.2789
4.6 40.233
4.7 40.164
4.8 40.116
4.9 40.0941
5 40.12
5.1 40.1765
5.2 40.2103
5.3 40.2018
5.4 40.1645
5.5 40.1133
5.6 40.0794
5.7 40.0892
5.8 40.1267
5.9 40.1634
6 40.1788
6.1 40.1617
6.2 40.1209
6.3 40.0866
6.4 40.0796
6.5 40.0994
6.6 40.1335
6.7 40.1589
6.8 40.1578
6.9 40.1327
7 40.1019
7.1 40.0839
7.2 40.0892
7.3 40.1138
7.4 40.139
7.5 40.1481
7.6 40.1361
7.7 40.1115
7.8 40.0903
7.9 40.0869
8 40.103
8.1 40.1274
8.2 40.1453
8.3 40.1462
8.4 40.1312
8.5 40.1113
8.6 40.1003
8.7 40.1045
8.8 40.1204
8.9 40.1372
9 40.1434
9.1 40.1356
9.2 40.1193
9.3 40.1052
9.4 40.102
9.5 40.1111
9.6 40.1257
9.7 40.1362
9.8 40.136
9.9 40.1259
10 40.1132
10.1 40.1063
10.2 40.1095
10.3 40.1204
10.4 40.1318
10.5 40.1366
10.6 40.1323
10.7 40.1225
10.8 40.1142
10.9 40.1128
11 40.1191
11.1 40.1289
11.2 40.1359
11.3 40.136
11.4 40.1297
11.5 40.1217
11.6 40.1173
11.7 40.1194
11.8 40.1264
11.9 40.1336
12 40.1365
12.1 40.1336
12.2 40.1271
12.3 40.1216
12.4 40.1205
12.5 40.1244
12.6 40.1304
12.7 40.1347
12.8 40.1346
12.9 40.1304
13 40.1251
13.1 40.1221
13.2 40.1233
13.3 40.1276
13.4 40.1321
13.5 40.1338
13.6 40.1319
13.7 40.1276
13.8 40.124
13.9 40.1232
14 40.1256
14.1 40.1294
14.2 40.1321
14.3 40.132
14.4 40.1292
14.5 40.1257
14.6 40.1238
14.7 40.1245
14.8 40.1272
14.9 40.1301
15 40.1312
15.1 40.1299
15.2 40.1272
15.3 40.1248
15.4 40.1243
15.5 40.1258
15.6 40.1283
15.7 40.13
15.8 40.1299
15.9 40.1281
16 40.1259
16.1 40.1247
16.2 40.1251
16.3 40.1269
16.4 40.1287
16.5 40.1294
16.6 40.1286
16.7 40.1268
16.8 40.1253
16.9 40.125
17 40.126
17.1 40.1276
17.2 40.1287
17.3 40.1286
17.4 40.1275
17.5 40.1261
17.6 40.1253
17.7 40.1256
17.8 40.1267
17.9 40.1279
18 40.1283
18.1 40.1278
18.2 40.1267
18.3 40.1257
18.4 40.1255
18.5 40.1261
18.6 40.1272
18.7 40.1279
18.8 40.1278
18.9 40.1271
19 40.1262
19.1 40.1257
19.1275 40.1257
