0 0
0.1 0.0130085
0.2 0.0767088
0.3 0.185295
0.4 0.33624
0.5 0.542907
0.6 0.77583
0.7 1.03479
0.8 1.30816
0.9 1.57887
1 1.86362
1.1 2.15104
1.2 2.44614
1.3 2.75138
1.4 3.0452
1.5 3.33198
1.6 3.5991
1.7 3.84407
1.8 4.08185
1.9 4.30698
2 4.53184
2.1 4.75564
2.2 4.9676
2.3 5.17338
2.4 5.36254
2.5 5.53956
2.6 5.71255
2.7 5.87643
2.8 6.0384
2.9 6.18905
3 6.31859
3.1 6.42602
3.2 6.50089
3.3 6.54942
3.4 6.5765
3.5 6.58342
3.6 6.58083
3.7 6.56725
3.8 6.54833
3.9 6.53512
4 6.53637
4.1 6.56173
4.2 6.58091
4.3 6.5996
4.4 6.62141
4.5 6.6181
4.6 6.61046
4.7 6.59242
4.8 6.56924
4.9 6.56465
5 6.56061
5.1 6.56612
5.2 6.57208
5.3 6.56164
5.4 6.55118
5.5 6.53188
5.6 6.51624
5.7 6.51568
5.8 6.51615
5.9 6.52545
6 6.52928
6.1 6.52102
6.2 6.51229
6.3 6.49689
6.4 6.4895
6.5 6.49271
6.6 6.49712
6.7 6.50703
6.8 6.5083
6.9 6.5013
7 6.49333
7.1 6.48179
7.2 6.47966
7.3 6.48432
7.4 6.49022
7.5 6.49831
7.6 6.4971
7.7 6.49058
7.8 6.48297
7.9 6.47465
8 6.47551
8.1 6.48063
8.2 6.48674
8.3 6.49238
8.4 6.48927
8.5 6.48292
8.6 6.47589
8.7 6.47047
8.8 6.47328
8.9 6.4785
9 6.48406
9.1 6.48719
9.2 6.48279
9.3 6.47683
9.4 6.47094
9.5 6.46815
9.6 6.47217
9.7 6.47705
9.8 6.48155
9.9 6.48252
10 6.47751
10.1 6.47228
10.2 6.46776
10.3 6.46711
10.4 6.47168
10.5 6.47595
10.6 6.47927
10.7 6.47855
10.8 6.47344
10.9 6.4691
11 6.46595
11.1 6.46695
11.2 6.47157
11.3 6.47506
11.4 6.47718
11.5 6.47517
11.6 6.47035
11.7 6.46697
11.8 6.46512
11.9 6.46732
12 6.47158
12.1 6.4742
12.2 6.47517
12.3 6.47229
12.4 6.46809
12.5 6.46567
12.6 6.46499
12.7 6.46791
12.8 6.4715
12.9 6.47327
13 6.47324
13.1 6.46994
13.2 6.46655
13.3 6.46498
13.4 6.46527
13.5 6.46848
13.6 6.47127
13.7 6.4723
13.8 6.47144
13.9 6.46809
14 6.46556
14.1 6.46473
14.2 6.4658
14.3 6.46893
14.4 6.47091
14.5 6.47129
14.6 6.4698
14.643 6.46846
