0 0
0.1 0.00612497
0.2 0.061092
0.3 0.17757
0.4 0.35072
0.5 0.604282
0.6 0.910864
0.7 1.24081
0.8 1.58585
0.9 1.92119
1 2.25268
1.1 2.59972
1.2 2.9595
1.3 3.33526
1.4 3.71521
1.5 4.06976
1.6 4.39163
1.7 4.67667
1.8 4.92865
1.9 5.1708
2 5.4086
2.1 5.64079
2.2 5.86355
2.3 6.05797
2.4 6.21943
2.5 6.35336
2.6 6.46595
2.7 6.57326
2.8 6.6801
2.9 6.7787
3 6.85979
3.1 6.90807
3.2 6.91633
3.3 6.89079
3.4 6.84089
3.5 6.78042
3.6 6.71992
3.7 6.66053
3.8 6.60376
3.9 6.55401
4 6.5226
4.1 6.5272
4.2 6.54508
4.3 6.56979
4.4 6.60518
4.5 6.61018
4.6 6.58751
4.7 6.55356
4.8 6.51047
4.9 6.4891
5 6.49521
5.1 6.50958
5.2 6.52701
5.3 6.52719
5.4 6.50141
5.5 6.47044
5.6 6.44279
5.7 6.43182
5.8 6.44617
5.9 6.46583
6 6.47968
6.1 6.47883
6.2 6.45665
6.3 6.43087
6.4 6.41424
6.5 6.41255
6.6 6.42942
6.7 6.44949
6.8 6.45914
6.9 6.45452
7 6.43498
7.1 6.41365
7.2 6.40399
7.3 6.40856
7.4 6.42529
7.5 6.44275
7.6 6.44823
7.7 6.4401
7.8 6.42254
7.9 6.40567
8 6.40093
8.1 6.40917
8.2 6.42471
8.3 6.43824
8.4 6.43994
8.5 6.42957
8.6 6.41383
8.7 6.40141
8.8 6.40043
8.9 6.4105
9 6.42437
9.1 6.43386
9.2 6.43247
9.3 6.42123
9.4 6.4076
9.5 6.39931
9.6 6.4013
9.7 6.41195
9.8 6.4238
9.9 6.42965
10 6.42589
10.1 6.41475
10.2 6.4035
10.3 6.39873
10.4 6.40291
10.5 6.41326
10.6 6.42281
10.7 6.42564
10.8 6.42024
10.9 6.40988
11 6.40114
11.1 6.39924
11.2 6.40485
11.3 6.41431
11.4 6.42149
11.5 6.4219
11.6 6.41555
11.7 6.40639
11.8 6.40008
11.9 6.40039
12 6.40671
12.1 6.41492
12.2 6.41983
12.3 6.4184
12.4 6.41171
12.5 6.40398
12.6 6.3999
12.7 6.40185
12.8 6.4083
12.9 6.41507
13 6.41796
13.1 6.41523
13.2 6.40871
13.3 6.40252
13.4 6.40036
13.5 6.40341
13.6 6.40955
13.7 6.41483
13.8 6.41601
13.9 6.41245
13.971 6.40826
