0 0
0.1 0.00318773
0.2 0.0370333
0.3 0.112081
0.4 0.231561
0.5 0.416426
0.6 0.647004
0.7 0.906555
0.8 1.18894
0.9 1.47183
1 1.76422
1.1 2.07676
1.2 2.406
1.3 2.76072
1.4 3.12581
1.5 3.48102
1.6 3.82192
1.7 4.13638
1.8 4.43051
1.9 4.71867
2 5.0005
2.1 5.28069
2.2 5.55199
2.3 5.79883
2.4 6.01993
2.5 6.21263
2.6 6.3821
2.7 6.54169
2.8 6.69184
2.9 6.83126
3 6.95364
3.1 7.04507
3.2 7.10284
3.3 7.12857
3.4 7.12765
3.5 7.1133
3.6 7.09118
3.7 7.06346
3.8 7.03292
3.9 6.99927
4 6.97197
4.1 6.9654
4.2 6.96711
4.3 6.97814
4.4 6.99799
4.5 6.99549
4.6 6.97667
4.7 6.94707
4.8 6.90817
4.9 6.88778
5 6.88384
5.1 6.88804
5.2 6.89938
5.3 6.8954
5.4 6.87648
5.5 6.85355
5.6 6.82837
5.7 6.81885
5.8 6.82583
5.9 6.83697
6 6.84941
6.1 6.84918
6.2 6.83453
6.3 6.81805
6.4 6.80341
6.5 6.8009
6.6 6.8123
6.7 6.82514
6.8 6.83474
6.9 6.83373
7 6.82048
7.1 6.80678
7.2 6.79797
7.3 6.79897
7.4 6.81083
7.5 6.82262
7.6 6.82851
7.7 6.82553
7.8 6.81329
7.9 6.80174
8 6.79692
8.1 6.80026
8.2 6.81135
8.3 6.82129
8.4 6.82407
8.5 6.81941
8.6 6.80851
8.7 6.79924
8.8 6.79734
8.9 6.80227
9 6.81208
9.1 6.81989
9.2 6.82037
9.3 6.81467
9.4 6.80537
9.5 6.79845
9.6 6.79871
9.7 6.80458
9.8 6.81296
9.9 6.81866
10 6.81749
10.1 6.81131
10.2 6.80359
10.3 6.79882
10.4 6.80052
10.5 6.80667
10.6 6.81353
10.7 6.81721
10.8 6.81487
10.9 6.80867
11 6.80245
11.1 6.79958
11.2 6.80224
11.3 6.80821
11.4 6.81361
11.5 6.81556
11.6 6.8125
11.7 6.80669
11.8 6.80192
11.9 6.80065
12 6.80387
12.1 6.80934
12.2 6.81338
12.3 6.81393
12.4 6.81051
12.5 6.80534
12.6 6.80187
12.7 6.80185
12.8 6.80532
12.9 6.81007
13 6.8129
13.1 6.8124
13.2 6.80887
13.3 6.8045
13.4 6.80218
13.5 6.80307
13.6 6.80653
13.7 6.81046
13.754 6.8118
