0 0
0.1 0.00127019
0.2 0.0423023
0.3 0.16372
0.4 0.382621
0.5 0.729921
0.6 1.18706
0.7 1.69128
0.8 2.20427
0.9 2.69578
1 3.15332
1.1 3.61092
1.2 4.09891
1.3 4.62271
1.4 5.17815
1.5 5.73216
1.6 6.2402
1.7 6.68487
1.8 7.06793
1.9 7.40814
2 7.74127
2.1 8.08851
2.2 8.44733
2.3 8.80365
2.4 9.13278
2.5 9.41527
2.6 9.65419
2.7 9.86543
2.8 10.0684
2.9 10.2786
3 10.4923
3.1 10.688
3.2 10.8406
3.3 10.9297
3.4 10.9495
3.5 10.9146
3.6 10.8489
3.7 10.7768
3.8 10.7167
3.9 10.6773
4 10.6641
4.1 10.6886
4.2 10.7323
4.3 10.7724
4.4 10.8048
4.5 10.7953
4.6 10.7399
4.7 10.6739
4.8 10.6143
4.9 10.5796
5 10.5854
5.1 10.6075
5.2 10.6199
5.3 10.612
5.4 10.5733
5.5 10.5158
5.6 10.4683
5.7 10.4435
5.8 10.4452
5.9 10.4673
6 10.4859
6.1 10.4841
6.2 10.4608
6.3 10.4221
6.4 10.3852
6.5 10.3683
6.6 10.3739
6.7 10.3942
6.8 10.4157
6.9 10.4223
7 10.4088
7.1 10.383
7.2 10.357
7.3 10.3439
7.4 10.3499
7.5 10.3687
7.6 10.3882
7.7 10.3974
7.8 10.3903
7.9 10.371
8 10.3509
8.1 10.3402
8.2 10.3442
8.3 10.36
8.4 10.3776
8.5 10.3871
8.6 10.3837
8.7 10.3698
8.8 10.3535
8.9 10.3442
9 10.3465
9.1 10.3586
9.2 10.3732
9.3 10.382
9.4 10.3803
9.5 10.3696
9.6 10.3561
9.7 10.3474
9.8 10.3481
9.9 10.357
10 10.3687
10.1 10.3765
10.2 10.376
10.3 10.3678
10.4 10.3568
10.5 10.349
10.6 10.3485
10.7 10.3551
10.8 10.3646
10.9 10.3715
11 10.3719
11.1 10.3658
11.2 10.3569
11.3 10.3501
11.4 10.349
11.5 10.3538
11.6 10.3614
11.7 10.3674
11.8 10.3684
11.9 10.364
12 10.3569
12.1 10.351
12.2 10.3495
12.3 10.3529
12.4 10.359
12.5 10.3642
12.6 10.3656
12.7 10.3624
12.8 10.3568
12.9 10.3517
13 10.35
13.1 10.3524
13.2 10.3573
13.3 10.3617
13.4 10.3632
13.5 10.361
13.6 10.3566
13.7 10.3523
13.8 10.3506
13.9 10.3522
14 10.356
14.1 10.3597
14.2 10.3613
14.3 10.3598
14.4 10.3563
14.5 10.3528
14.6 10.3511
14.7 10.3521
14.8 10.355
14.9 10.3582
15 10.3597
15.1 10.3588
15.2 10.3561
15.3 10.3531
15.4 10.3515
15.5 10.3521
15.6 10.3544
15.7 10.357
15.8 10.3584
15.9 10.3579
16 10.3558
16.1 10.3534
16.2 10.3519
16.3 10.3522
16.4 10.3539
16.5 10.356
16.6 10.3574
16.7 10.3571
16.7055 10.3571
