0 0
0.1 0.00342655
0.2 0.0545166
0.3 0.188773
0.4 0.411851
0.5 0.755943
0.6 1.2108
0.7 1.72262
0.8 2.27214
0.9 2.84771
1 3.43868
1.1 4.07455
1.2 4.77856
1.3 5.53784
1.4 6.33913
1.5 7.15766
1.6 7.95515
1.7 8.7254
1.8 9.48249
1.9 10.2344
2 10.998
2.1 11.7773
2.2 12.5477
2.3 13.2872
2.4 13.9807
2.5 14.6155
2.6 15.1999
2.7 15.7492
2.8 16.2647
2.9 16.741
3 17.163
3.1 17.5065
3.2 17.7581
3.3 17.9207
3.4 18.0055
3.5 18.0329
3.6 18.024
3.7 17.9887
3.8 17.934
3.9 17.8708
4 17.8164
4.1 17.7994
4.2 17.8138
4.3 17.8451
4.4 17.8941
4.5 17.9178
4.6 17.8958
4.7 17.858
4.8 17.8186
4.9 17.7947
5 17.8116
5.1 17.8515
5.2 17.8836
5.3 17.8992
5.4 17.8871
5.5 17.8513
5.6 17.8236
5.7 17.8189
5.8 17.8345
5.9 17.8672
6 17.8951
6.1 17.8975
6.2 17.8794
6.3 17.8514
6.4 17.827
6.5 17.8244
6.6 17.8426
6.7 17.8663
6.8 17.8834
6.9 17.883
7 17.8637
7.1 17.84
7.2 17.8263
7.3 17.8283
7.4 17.8458
7.5 17.8677
7.6 17.879
7.7 17.8748
7.8 17.859
7.9 17.8403
8 17.8313
8.1 17.8373
8.2 17.8527
8.3 17.8685
8.4 17.8754
8.5 17.8686
8.6 17.8535
8.7 17.8397
8.8 17.8347
8.9 17.8414
9 17.8554
9.1 17.8672
9.2 17.87
9.3 17.863
9.4 17.8503
9.5 17.8402
9.6 17.8389
9.7 17.8464
9.8 17.8579
9.9 17.8666
10 17.867
10.1 17.8594
10.2 17.8491
10.3 17.8421
10.4 17.8425
10.5 17.8499
10.6 17.8592
10.7 17.8647
10.8 17.8634
10.9 17.8562
11 17.8478
11.1 17.8435
11.2 17.8454
11.3 17.8522
11.4 17.8595
11.5 17.8629
11.6 17.8605
11.7 17.8542
11.8 17.8478
11.9 17.8453
12 17.8481
12.1 17.8541
12.2 17.8595
12.3 17.8613
12.4 17.8583
12.5 17.8527
12.6 17.848
12.7 17.847
12.8 17.85
12.9 17.8551
13 17.8591
13.1 17.8595
13.2 17.8564
13.3 17.8518
13.4 17.8485
13.5 17.8485
13.502 17.8485
