0 0
0.1 0.00520784
0.2 0.0453972
0.3 0.125639
0.4 0.244533
0.5 0.4185
0.6 0.624196
0.7 0.849214
0.8 1.0858
0.9 1.31346
1 1.54463
1.1 1.78312
1.2 2.02852
1.3 2.28946
1.4 2.54783
1.5 2.79298
1.6 3.01954
1.7 3.21694
1.8 3.39794
1.9 3.57013
2 3.73676
2.1 3.90487
2.2 4.06269
2.3 4.20299
2.4 4.32317
2.5 4.41822
2.6 4.49836
2.7 4.56945
2.8 4.63204
2.9 4.6873
3 4.72341
3.1 4.73221
3.2 4.71138
3.3 4.6597
3.4 4.58845
3.5 4.50775
3.6 4.42443
3.7 4.34639
3.8 4.27364
3.9 4.21021
4 4.16614
4.1 4.14808
4.2 4.14066
4.3 4.14323
4.4 4.15475
4.5 4.14979
4.6 4.13398
4.7 4.10939
4.8 4.07941
4.9 4.06595
5 4.06452
5.1 4.07215
5.2 4.08437
5.3 4.0826
5.4 4.07068
5.5 4.05242
5.6 4.03282
5.7 4.0275
5.8 4.03273
5.9 4.04386
6 4.05535
6.1 4.05396
6.2 4.04323
6.3 4.02829
6.4 4.01477
6.5 4.01372
6.6 4.0216
6.7 4.03283
6.8 4.04179
6.9 4.03929
7 4.02887
7.1 4.01637
7.2 4.00715
7.3 4.00882
7.4 4.01769
7.5 4.02779
7.6 4.03402
7.7 4.0302
7.8 4.02011
7.9 4.00971
8 4.00376
8.1 4.00719
8.2 4.01608
8.3 4.02456
8.4 4.02828
8.5 4.02339
8.6 4.01391
8.7 4.00553
8.8 4.00219
8.9 4.00678
9 4.01518
9.1 4.02195
9.2 4.02357
9.3 4.01804
9.4 4.00946
9.5 4.00303
9.6 4.0018
9.7 4.00705
9.8 4.01466
9.9 4.01975
10 4.01971
10.1 4.01392
10.2 4.00643
10.3 4.0018
10.4 4.00219
10.5 4.00769
10.6 4.01431
10.7 4.01784
10.8 4.01655
10.9 4.01081
11 4.0045
11.1 4.00145
11.2 4.00302
11.3 4.00845
11.4 4.01397
11.5 4.01612
11.6 4.01393
11.7 4.00847
11.8 4.00336
11.9 4.00166
12 4.00403
12.1 4.00913
12.2 4.01354
12.3 4.01452
12.4 4.01175
12.5 4.00676
12.6 4.00279
12.7 4.0022
12.8 4.00506
12.9 4.00966
13 4.013
13.1 4.01303
13.2 4.00995
13.3 4.00555
13.4 4.00264
13.5 4.00293
13.6 4.00601
13.7 4.01001
13.8 4.01237
13.9 4.01166
13.943 4.01053
