0 0
0.1 0.0128281
0.2 0.100876
0.3 0.266814
0.4 0.509502
0.5 0.858531
0.6 1.28091
0.7 1.76397
0.8 2.30274
0.9 2.87316
1 3.48766
1.1 4.15659
1.2 4.86555
1.3 5.62258
1.4 6.40328
1.5 7.18358
1.6 7.96792
1.7 8.73848
1.8 9.50894
1.9 10.2878
2 11.0623
2.1 11.8345
2.2 12.5841
2.3 13.2967
2.4 13.9745
2.5 14.6124
2.6 15.2158
2.7 15.7882
2.8 16.3145
2.9 16.7855
3 17.1867
3.1 17.5045
3.2 17.7462
3.3 17.9149
3.4 18.0209
3.5 18.0767
3.6 18.0826
3.7 18.0485
3.8 17.9868
3.9 17.9164
4 17.8728
4.1 17.8775
4.2 17.8901
4.3 17.9133
4.4 17.9417
4.5 17.9337
4.6 17.91
4.7 17.88
4.8 17.8517
4.9 17.8547
5 17.8761
5.1 17.8957
5.2 17.9128
5.3 17.9013
5.4 17.876
5.5 17.8593
5.6 17.8485
5.7 17.865
5.8 17.8902
5.9 17.9046
6 17.9091
6.1 17.8906
6.2 17.8671
6.3 17.8563
6.4 17.8575
6.5 17.8754
6.6 17.8953
6.7 17.8997
6.8 17.892
6.9 17.8724
7 17.854
7.1 17.8531
7.2 17.863
7.3 17.8812
7.4 17.8952
7.5 17.8922
7.6 17.8801
7.7 17.8637
7.8 17.8544
7.9 17.8611
8 17.875
8.1 17.8892
8.2 17.8947
8.3 17.8856
8.4 17.8712
8.5 17.8598
8.6 17.8576
8.7 17.8683
8.8 17.8816
8.9 17.8895
9 17.888
9.1 17.8759
9.2 17.8637
9.3 17.8587
9.4 17.863
9.5 17.8754
9.6 17.8858
9.7 17.8879
9.8 17.8816
9.9 17.8699
10 17.8618
10.1 17.8626
10.2 17.8705
10.3 17.8813
10.4 17.887
10.5 17.8838
10.6 17.8751
10.7 17.8656
10.8 17.8623
10.9 17.8671
11 17.876
11.1 17.8836
11.2 17.8846
11.3 17.8784
11.4 17.8699
11.5 17.8642
11.6 17.8652
11.7 17.8724
11.8 17.8801
11.9 17.8839
12 17.8812
12.1 17.8738
12.2 17.8672
12.3 17.8654
12.4 17.8694
12.5 17.8767
12.6 17.8819
12.7 17.8819
12.8 17.8769
12.9 17.8701
13 17.8664
13.1 17.8678
13.2 17.8733
13.3 17.8793
13.4 17.8815
13.5 17.8788
13.6 17.8732
13.7 17.8683
13.8 17.8675
13.9 17.8711
14 17.8766
14.0165 17.8774
