0 0
0.1 0.00793098
0.2 0.067398
0.3 0.184412
0.4 0.357472
0.5 0.611394
0.6 0.919707
0.7 1.26714
0.8 1.64965
0.9 2.04536
1 2.46384
1.1 2.91668
1.2 3.39516
1.3 3.90414
1.4 4.42862
1.5 4.94371
1.6 5.45098
1.7 5.94031
1.8 6.41651
1.9 6.89649
2 7.37142
2.1 7.8424
2.2 8.30023
2.3 8.72647
2.4 9.12479
2.5 9.49386
2.6 9.83789
2.7 10.1677
2.8 10.4763
2.9 10.7562
3 10.999
3.1 11.1906
3.2 11.3317
3.3 11.4284
3.4 11.4851
3.5 11.5141
3.6 11.5182
3.7 11.4976
3.8 11.4612
3.9 11.4165
4 11.3847
4.1 11.3866
4.2 11.3947
4.3 11.411
4.4 11.4349
4.5 11.4277
4.6 11.4036
4.7 11.3722
4.8 11.3369
4.9 11.3281
5 11.3398
5.1 11.3546
5.2 11.3715
5.3 11.3678
5.4 11.3459
5.5 11.328
5.6 11.3131
5.7 11.3185
5.8 11.3412
5.9 11.3578
6 11.3688
6.1 11.3617
6.2 11.3402
6.3 11.3261
6.4 11.3202
6.5 11.3294
6.6 11.3495
6.7 11.361
6.8 11.3617
6.9 11.3502
7 11.3306
7.1 11.3204
7.2 11.3226
7.3 11.3341
7.4 11.3512
7.5 11.3583
7.6 11.3528
7.7 11.3406
7.8 11.3255
7.9 11.3209
8 11.3284
8.1 11.3408
8.2 11.3534
8.3 11.3555
8.4 11.3464
8.5 11.3342
8.6 11.3242
8.7 11.3242
8.8 11.3342
8.9 11.3456
9 11.3529
9.1 11.3508
9.2 11.3401
9.3 11.3297
9.4 11.3248
9.5 11.3284
9.6 11.3392
9.7 11.3483
9.8 11.351
9.9 11.3461
10 11.3357
10.1 11.3281
10.2 11.3274
10.3 11.3335
10.4 11.3432
10.5 11.3493
10.6 11.3483
10.7 11.3416
10.8 11.3327
10.9 11.3282
11 11.3307
11.1 11.3377
11.2 11.3455
11.3 11.3485
11.4 11.3448
11.5 11.3377
11.6 11.3311
11.7 11.3296
11.8 11.3341
11.9 11.341
12 11.3463
12.1 11.3466
12.2 11.3415
12.3 11.3349
12.302 11.3349
