0 0
0.1 0.0054894
0.2 0.0673533
0.3 0.216626
0.4 0.4513
0.5 0.804307
0.6 1.26381
0.7 1.77795
0.8 2.33422
0.9 2.92437
1 3.53631
1.1 4.20025
1.2 4.93371
1.3 5.71568
1.4 6.53648
1.5 7.37024
1.6 8.18154
1.7 8.97469
1.8 9.7612
1.9 10.5469
2 11.3466
2.1 12.1551
2.2 12.9454
2.3 13.6998
2.4 14.4066
2.5 15.0581
2.6 15.6674
2.7 16.2455
2.8 16.7867
2.9 17.2822
3 17.713
3.1 18.0566
3.2 18.3085
3.3 18.476
3.4 18.5724
3.5 18.6173
3.6 18.6241
3.7 18.5967
3.8 18.5419
3.9 18.4738
4 18.4159
4.1 18.4027
4.2 18.4207
4.3 18.4531
4.4 18.5033
4.5 18.5226
4.6 18.493
4.7 18.4509
4.8 18.4108
4.9 18.3895
5 18.4134
5.1 18.4562
5.2 18.4838
5.3 18.493
5.4 18.471
5.5 18.4293
5.6 18.406
5.7 18.4085
5.8 18.4319
5.9 18.4688
6 18.4907
6.1 18.4824
6.2 18.4564
6.3 18.4259
6.4 18.4075
6.5 18.4168
6.6 18.4433
6.7 18.4671
6.8 18.4773
6.9 18.465
7 18.4373
7.1 18.4152
7.2 18.4101
7.3 18.4235
7.4 18.4486
7.5 18.4678
7.6 18.4688
7.7 18.4538
7.8 18.4321
7.9 18.4168
8 18.4191
8.1 18.4358
8.2 18.4551
8.3 18.4664
8.4 18.4618
8.5 18.4445
8.6 18.4268
8.7 18.419
8.8 18.4251
8.9 18.4413
9 18.4566
9.1 18.461
9.2 18.453
9.3 18.4378
9.4 18.425
9.5 18.4232
9.6 18.4327
9.7 18.447
9.8 18.4574
9.9 18.4574
10 18.4474
10.1 18.4344
10.2 18.4265
10.3 18.4283
10.4 18.4385
10.5 18.4501
10.6 18.4557
10.7 18.4522
10.8 18.4421
10.9 18.4318
11 18.4281
11.1 18.4327
11.2 18.4424
11.3 18.451
11.4 18.4532
11.5 18.4478
11.6 18.4386
11.7 18.4316
11.8 18.431
11.9 18.437
12 18.4455
12.1 18.451
12.2 18.4504
12.3 18.4442
12.4 18.4365
12.5 18.4323
12.6 18.434
12.7 18.4402
12.8 18.4469
12.9 18.4498
13 18.4473
13.1 18.4412
13.2 18.4354
13.3 18.4336
13.4 18.4367
13.5 18.4426
13.593 18.4471
