0 0
0.1 0.00281499
0.2 0.063709
0.3 0.251656
0.4 0.592049
0.5 1.11656
0.6 1.82105
0.7 2.62385
0.8 3.44433
0.9 4.25087
1 5.03347
1.1 5.80922
1.2 6.62806
1.3 7.51926
1.4 8.4632
1.5 9.42139
1.6 10.3508
1.7 11.2098
1.8 11.9913
1.9 12.7276
2 13.4592
2.1 14.2168
2.2 15.0153
2.3 15.842
2.4 16.6649
2.5 17.4588
2.6 18.2156
2.7 18.9416
2.8 19.6519
2.9 20.3566
3 21.0439
3.1 21.679
3.2 22.2177
3.3 22.6208
3.4 22.8683
3.5 22.9699
3.6 22.9593
3.7 22.8809
3.8 22.7782
3.9 22.6865
4 22.6336
4.1 22.6454
4.2 22.6999
4.3 22.7524
4.4 22.7911
4.5 22.7826
4.6 22.7061
4.7 22.6067
4.8 22.5356
4.9 22.5077
5 22.527
5.1 22.5802
5.2 22.6221
5.3 22.618
5.4 22.5722
5.5 22.504
5.6 22.4394
5.7 22.41
5.8 22.4254
5.9 22.464
6 22.4981
6.1 22.5067
6.2 22.4791
6.3 22.4267
6.4 22.3769
6.5 22.3516
6.6 22.3576
6.7 22.387
6.8 22.4198
6.9 22.4345
7 22.4227
7.1 22.3925
7.2 22.3602
7.3 22.3425
7.4 22.3482
7.5 22.3713
7.6 22.3964
7.7 22.4086
7.8 22.4004
7.9 22.3757
8 22.3474
8.1 22.3301
8.2 22.3313
8.3 22.348
8.4 22.3696
8.5 22.3834
8.6 22.3815
8.7 22.3656
8.8 22.345
8.9 22.3307
9 22.3301
9.1 22.3427
9.2 22.3606
9.3 22.3739
9.4 22.3758
9.5 22.3661
9.6 22.351
9.7 22.3395
9.8 22.3378
9.9 22.3467
10 22.361
10.1 22.3728
10.2 22.3762
10.3 22.3702
10.4 22.3589
10.5 22.3491
10.6 22.3462
10.7 22.3518
10.8 22.3623
10.9 22.372
11 22.3757
11.1 22.3719
11.2 22.3633
11.3 22.3549
11.4 22.3513
11.5 22.3543
11.6 22.3619
11.7 22.3696
11.8 22.3733
11.9 22.3711
12 22.3646
12.1 22.3577
12.2 22.354
12.3 22.3554
12.4 22.3608
12.5 22.3669
12.6 22.3704
12.7 22.3694
12.8 22.3648
12.9 22.3592
13 22.3557
13.1 22.3561
13.2 22.3599
13.3 22.3648
13.4 22.368
13.5 22.3679
13.6 22.3646
13.7 22.3603
13.8 22.3572
13.9 22.357
14 22.3596
14.1 22.3634
14.2 22.3662
14.3 22.3666
14.4 22.3644
14.5 22.3611
14.6 22.3584
14.7 22.3578
14.8 22.3595
14.9 22.3624
15 22.3648
15.1 22.3654
15.2 22.364
15.3 22.3615
15.4 22.3592
15.5 22.3585
15.6 22.3595
15.7 22.3616
15.8 22.3636
15.9 22.3644
16 22.3636
16.1 22.3617
16.2 22.3598
16.3 22.359
16.4 22.3595
16.5 22.3611
16.6 22.3627
16.7 22.3635
16.8 22.3631
16.9 22.3617
17 22.3602
17.1 22.3593
17.2 22.3596
17.3 22.3607
17.4 22.362
17.5 22.3628
17.6 22.3626
17.7 22.3616
17.8 22.3604
17.9 22.3596
18 22.3597
18.1 22.3604
18.2 22.3615
18.3 22.3621
18.4 22.3621
18.5 22.3614
18.6 22.3605
18.7 22.3598
18.8 22.3597
18.9 22.3602
19 22.361
19.1 22.3616
19.2 22.3617
19.3 22.3613
19.4 22.3605
19.5 22.3599
19.6 22.3598
19.7 22.3601
19.8 22.3607
19.9 22.3612
20 22.3614
20.1 22.3611
20.2 22.3605
20.3 22.36
20.4 22.3598
20.5 22.36
20.6 22.3605
20.7 22.3609
20.8 22.3611
20.9 22.3609
21 22.3605
21.1 22.3601
21.2 22.3599
21.3 22.36
21.4 22.3603
21.5 22.3607
21.6 22.3608
21.69 22.3607
