0 0
0.1 0.0302382
0.2 0.219125
0.3 0.571588
0.4 1.08597
0.5 1.78595
0.6 2.62878
0.7 3.59915
0.8 4.6764
0.9 5.83125
1 7.07822
1.1 8.40956
1.2 9.82436
1.3 11.3203
1.4 12.8665
1.5 14.4586
1.6 16.0862
1.7 17.7537
1.8 19.4806
1.9 21.2653
2 23.1112
2.1 25.0027
2.2 26.9213
2.3 28.8621
2.4 30.8169
2.5 32.79
2.6 34.7752
2.7 36.7498
2.8 38.6813
2.9 40.5175
3 42.2088
3.1 43.7116
3.2 44.9926
3.3 46.0372
3.4 46.8383
3.5 47.4017
3.6 47.7453
3.7 47.8996
3.8 47.9172
3.9 47.866
4 47.8287
4.1 47.863
4.2 47.888
4.3 47.9113
4.4 47.9311
4.5 47.9094
4.6 47.8781
4.7 47.8447
4.8 47.8228
4.9 47.8385
5 47.8612
5.1 47.8814
5.2 47.8835
5.3 47.8531
5.4 47.8225
5.5 47.797
5.6 47.7939
5.7 47.8134
5.8 47.8272
5.9 47.8315
6 47.8117
6.1 47.7791
6.2 47.7561
6.3 47.7472
6.4 47.7609
6.5 47.78
6.6 47.7875
6.7 47.7796
6.8 47.7548
6.9 47.7325
7 47.7245
7.1 47.7329
7.2 47.7529
7.3 47.7657
7.4 47.7639
7.5 47.748
7.6 47.7272
7.7 47.7177
7.8 47.723
7.9 47.7396
8 47.7558
8.1 47.7587
8.2 47.7485
8.3 47.7312
8.4 47.7192
8.5 47.7211
8.6 47.7338
8.7 47.7493
8.8 47.7561
8.9 47.7497
9 47.7357
9.1 47.7233
9.2 47.7219
9.3 47.7322
9.4 47.7469
9.5 47.7567
9.6 47.755
9.7 47.7442
9.8 47.7325
9.9 47.7282
10 47.7349
10.1 47.7476
10.2 47.7579
10.3 47.7591
10.4 47.7507
10.5 47.7393
10.6 47.7328
10.7 47.7356
10.8 47.7457
10.9 47.7557
11 47.759
11.1 47.7535
11.2 47.7432
11.3 47.7356
11.4 47.7356
11.5 47.7432
11.6 47.7528
11.7 47.7578
11.8 47.7549
11.9 47.7465
12 47.7385
12.1 47.7364
12.2 47.7416
12.3 47.7503
12.4 47.7563
12.5 47.7557
12.6 47.7492
12.7 47.7415
12.8 47.7379
12.9 47.7409
13 47.7482
13.1 47.7547
13.2 47.756
13.3 47.7514
13.4 47.7443
13.5 47.7398
13.6 47.7409
13.7 47.7467
13.8 47.7531
13.9 47.7557
14 47.7529
14.1 47.7468
14.2 47.7418
14.3 47.7413
14.4 47.7455
14.5 47.7514
14.6 47.7549
14.7 47.7537
14.8 47.7488
14.9 47.7438
15 47.742
15.1 47.7448
15.2 47.7499
15.3 47.7539
15.4 47.754
15.5 47.7504
15.6 47.7456
15.7 47.743
15.8 47.7444
15.9 47.7487
16 47.7528
16.1 47.7539
16.2 47.7514
16.3 47.7472
16.4 47.7441
16.5 47.7444
16.6 47.7476
16.7 47.7516
16.8 47.7535
16.9 47.7521
17 47.7485
17.1 47.7452
17.2 47.7446
17.3 47.7468
17.4 47.7504
17.5 47.7528
17.6 47.7523
17.7 47.7495
17.8 47.7463
17.9 47.7449
18 47.7463
18.1 47.7493
18.2 47.7519
18.3 47.7522
18.4 47.7502
18.5 47.7472
18.6 47.7454
18.7 47.746
18.8 47.7484
18.9 47.751
19 47.7519
19.1 47.7506
19.2 47.7481
19.3 47.746
19.4 47.7459
19.5 47.7477
19.6 47.7502
19.7 47.7515
19.8 47.7508
19.9 47.7487
20 47.7466
20.1 47.746
20.2 47.7472
20.3 47.7494
20.4 47.7509
20.5 47.7508
20.6 47.7492
20.7 47.7472
20.7055 47.7471
