0 0
0.1 0.00843447
0.2 0.0514234
0.3 0.130472
0.4 0.246761
0.5 0.411418
0.6 0.608546
0.7 0.835975
0.8 1.08643
0.9 1.34699
1 1.62626
1.1 1.91848
1.2 2.2248
1.3 2.54698
1.4 2.86996
1.5 3.19214
1.6 3.50447
1.7 3.80157
1.8 4.09127
1.9 4.37059
2 4.64512
2.1 4.9151
2.2 5.17252
2.3 5.41892
2.4 5.64834
2.5 5.86212
2.6 6.06629
2.7 6.25906
2.8 6.4444
2.9 6.61743
3 6.77064
3.1 6.90172
3.2 7.00379
3.3 7.07921
3.4 7.13162
3.5 7.16279
3.6 7.17947
3.7 7.18222
3.8 7.175
3.9 7.16565
4 7.16257
4.1 7.17451
4.2 7.18485
4.3 7.19623
4.4 7.21028
4.5 7.20845
4.6 7.20103
4.7 7.18553
4.8 7.16553
4.9 7.15773
5 7.15313
5.1 7.15621
5.2 7.1615
5.3 7.15651
5.4 7.15009
5.5 7.13778
5.6 7.12707
5.7 7.12689
5.8 7.12922
5.9 7.13792
6 7.14401
6.1 7.14155
6.2 7.13713
6.3 7.12757
6.4 7.12229
6.5 7.12442
6.6 7.12862
6.7 7.13692
6.8 7.13994
6.9 7.13674
7 7.13139
7.1 7.12312
7.2 7.12073
7.3 7.12348
7.4 7.12842
7.5 7.13512
7.6 7.13571
7.7 7.13217
7.8 7.12652
7.9 7.12033
8 7.12024
8.1 7.12353
8.2 7.12884
8.3 7.13364
8.4 7.13263
8.5 7.12893
8.6 7.12346
8.7 7.11945
8.8 7.12083
8.9 7.12439
9 7.12942
9.1 7.13223
9.2 7.13019
9.3 7.12641
9.4 7.12155
9.5 7.11951
9.6 7.12174
9.7 7.12537
9.8 7.12965
9.9 7.13071
10 7.12814
10.1 7.12444
10.2 7.12056
10.3 7.12015
10.4 7.12277
10.5 7.12629
10.6 7.12953
10.7 7.12923
10.8 7.12646
10.9 7.12302
11 7.12031
11.1 7.12108
11.2 7.12382
11.3 7.12703
11.4 7.12911
11.5 7.12788
11.6 7.12514
11.7 7.12213
11.8 7.12059
11.9 7.12211
12 7.12475
12.1 7.12745
12.2 7.12842
12.3 7.12665
12.4 7.12407
12.5 7.12165
12.6 7.12115
12.7 7.12305
12.8 7.12548
12.9 7.12755
13 7.12758
13.1 7.12557
13.2 7.12328
13.3 7.12153
13.4 7.12187
13.5 7.12389
13.6 7.12599
13.7 7.12738
13.8 7.12671
13.9 7.1247
14 7.12276
14.0275 7.12234
