0 0
0.1 0.000995856
0.2 0.0448688
0.3 0.192513
0.4 0.489921
0.5 0.991678
0.6 1.70778
0.7 2.58639
0.8 3.57934
0.9 4.65118
1 5.77207
1.1 6.95353
1.2 8.22932
1.3 9.61129
1.4 11.0975
1.5 12.672
1.6 14.2909
1.7 15.9128
1.8 17.5199
1.9 19.1059
2 20.6783
2.1 22.2566
2.2 23.8464
2.3 25.4357
2.4 27.0058
2.5 28.5301
2.6 29.9818
2.7 31.3479
2.8 32.6226
2.9 33.8
3 34.8738
3.1 35.8306
3.2 36.6476
3.3 37.3034
3.4 37.7847
3.5 38.0893
3.6 38.2329
3.7 38.2464
3.8 38.1691
3.9 38.0463
4 37.9273
4.1 37.8631
4.2 37.8646
4.3 37.9108
4.4 37.9774
4.5 38.011
4.6 37.9826
4.7 37.9178
4.8 37.8463
4.9 37.7953
5 37.7935
5.1 37.8343
5.2 37.885
5.3 37.9226
5.4 37.9301
5.5 37.9015
5.6 37.8575
5.7 37.8235
5.8 37.8113
5.9 37.8252
6 37.8564
6.1 37.8835
6.2 37.8926
6.3 37.882
6.4 37.8562
6.5 37.8275
6.6 37.8099
6.7 37.8082
6.8 37.8205
6.9 37.8409
7 37.8593
7.1 37.8676
7.2 37.8656
7.3 37.8566
7.4 37.8468
7.5 37.8428
7.6 37.8464
7.7 37.8547
7.8 37.8635
7.9 37.8682
8 37.8665
8.1 37.8599
8.2 37.8522
8.3 37.8468
8.4 37.8458
8.5 37.849
8.6 37.8536
8.7 37.8567
8.8 37.8567
8.9 37.8534
9 37.8487
9.1 37.8451
9.2 37.8441
9.3 37.8456
9.4 37.8487
9.5 37.8515
9.6 37.8525
9.7 37.8516
9.8 37.8493
9.9 37.847
10 37.846
10.1 37.8466
10.2 37.8484
10.3 37.8503
10.4 37.8514
10.5 37.8512
10.6 37.8501
10.7 37.8487
10.8 37.8478
10.9 37.8478
11 37.8488
11.1 37.85
11.2 37.8509
11.3 37.8511
11.4 37.8506
11.5 37.8497
11.6 37.849
11.7 37.8489
11.8 37.8493
11.9 37.85
12 37.8507
12.1 37.8509
12.2 37.8508
12.3 37.8503
12.4 37.8499
12.5 37.8497
12.6 37.8498
12.7 37.8502
12.8 37.8507
12.9 37.8509
13 37.8509
13.1 37.8507
13.2 37.8504
13.3 37.8502
13.4 37.8502
13.5 37.8504
13.6 37.8507
13.7 37.8509
13.7235 37.8509
