0 0
0.1 0.00393171
0.2 0.0363588
0.3 0.104039
0.4 0.209566
0.5 0.369763
0.6 0.566991
0.7 0.79162
0.8 1.03693
0.9 1.2838
1 1.54171
1.1 1.81301
1.2 2.09623
1.3 2.39916
1.4 2.70531
1.5 3.00432
1.6 3.29042
1.7 3.55189
1.8 3.79815
1.9 4.03474
2 4.26322
2.1 4.49014
2.2 4.70531
2.3 4.90209
2.4 5.07881
2.5 5.23048
2.6 5.36605
2.7 5.49152
2.8 5.60732
2.9 5.71577
3 5.80715
3.1 5.87387
3.2 5.91403
3.3 5.9249
3.4 5.9146
3.5 5.89058
3.6 5.85646
3.7 5.81826
3.8 5.77568
3.9 5.7321
4 5.6981
4.1 5.68173
4.2 5.6738
4.3 5.67537
4.4 5.68436
4.5 5.67872
4.6 5.66268
4.7 5.63717
4.8 5.60576
4.9 5.58832
5 5.58149
5.1 5.58367
5.2 5.59097
5.3 5.58654
5.4 5.57372
5.5 5.5552
5.6 5.53542
5.7 5.52863
5.8 5.53155
5.9 5.54044
6 5.55044
6.1 5.54937
6.2 5.54021
6.3 5.52729
6.4 5.51529
6.5 5.51431
6.6 5.52127
6.7 5.5312
6.8 5.53948
6.9 5.53761
7 5.52875
7.1 5.51813
7.2 5.51009
7.3 5.51163
7.4 5.51945
7.5 5.52816
7.6 5.53366
7.7 5.53033
7.8 5.52156
7.9 5.51276
8 5.50771
8.1 5.51081
8.2 5.51862
8.3 5.52576
8.4 5.52883
8.5 5.52451
8.6 5.51627
8.7 5.50936
8.8 5.50677
8.9 5.51089
9 5.51823
9.1 5.52373
9.2 5.52486
9.3 5.51999
9.4 5.51263
9.5 5.50755
9.6 5.50687
9.7 5.51154
9.8 5.51807
9.9 5.52201
10 5.52162
10.1 5.51657
10.2 5.51028
10.3 5.50685
10.4 5.50763
10.5 5.51244
10.6 5.51798
10.7 5.52049
10.8 5.51899
10.9 5.51407
11 5.50891
11.1 5.5069
11.2 5.50866
11.3 5.5133
11.4 5.51775
11.5 5.51901
11.6 5.51678
11.7 5.51219
11.8 5.50817
11.9 5.50733
12 5.50971
12.1 5.51395
12.2 5.51733
12.3 5.51758
12.4 5.51491
12.5 5.51084
12.6 5.5079
12.7 5.50799
12.8 5.51069
12.9 5.51439
13 5.51676
13.1 5.51623
13.2 5.51341
13.3 5.50996
13.4 5.50798
13.5 5.50876
13.6 5.51153
13.7 5.51461
13.8 5.51611
13.9 5.51502
13.9595 5.51348
