0 0
0.1 0.00252089
0.2 0.0512774
0.3 0.190649
0.4 0.435484
0.5 0.820626
0.6 1.34158
0.7 1.94085
0.8 2.58766
0.9 3.26895
1 3.97178
1.1 4.72172
1.2 5.55101
1.3 6.45394
1.4 7.4134
1.5 8.4052
1.6 9.38804
1.7 10.3415
1.8 11.2764
1.9 12.2047
2 13.1401
2.1 14.0937
2.2 15.0498
2.3 15.979
2.4 16.8613
2.5 17.6814
2.6 18.4355
2.7 19.1376
2.8 19.7965
2.9 20.4067
3 20.9568
3.1 21.425
3.2 21.7884
3.3 22.0413
3.4 22.1923
3.5 22.2587
3.6 22.2654
3.7 22.234
3.8 22.1776
3.9 22.1103
4 22.0525
4.1 22.0317
4.2 22.0431
4.3 22.0715
4.4 22.1152
4.5 22.1335
4.6 22.1054
4.7 22.0605
4.8 22.017
4.9 21.9899
5 22.0031
5.1 22.0436
5.2 22.0791
5.3 22.0976
5.4 22.0911
5.5 22.0601
5.6 22.0309
5.7 22.0236
5.8 22.0369
5.9 22.0657
6 22.0951
6.1 22.1038
6.2 22.0894
6.3 22.0641
6.4 22.0392
6.5 22.029
6.6 22.0403
6.7 22.0617
6.8 22.0793
6.9 22.0847
7 22.0733
7.1 22.0521
7.2 22.0358
7.3 22.0323
7.4 22.0423
7.5 22.0607
7.6 22.0756
7.7 22.0781
7.8 22.0689
7.9 22.054
8 22.042
8.1 22.0407
8.2 22.0501
8.3 22.0636
8.4 22.0735
8.5 22.0743
8.6 22.0654
8.7 22.0529
8.8 22.0444
8.9 22.044
9 22.0515
9.1 22.0622
9.2 22.0693
9.3 22.069
9.4 22.0621
9.5 22.0529
9.6 22.047
9.7 22.0479
9.8 22.0545
9.9 22.0626
10 22.0676
10.1 22.0667
10.2 22.0607
10.3 22.0537
10.4 22.0496
10.5 22.0506
10.6 22.0558
10.7 22.0619
10.8 22.0652
10.9 22.0639
11 22.0591
11.1 22.0537
11.2 22.051
11.3 22.0524
11.4 22.0567
11.5 22.0614
11.6 22.0636
11.7 22.0622
11.8 22.0584
11.9 22.0544
12 22.0527
12.1 22.054
12.2 22.0575
12.3 22.0609
12.4 22.0623
12.5 22.061
12.6 22.0578
12.7 22.0549
12.8 22.0538
12.9 22.0551
13 22.0578
13.1 22.0603
13.2 22.0612
13.3 22.0599
13.4 22.0575
13.5 22.0553
13.6 22.0547
13.7 22.0559
13.714 22.0561
