0 0
0.1 0.0123638
0.2 0.105594
0.3 0.288682
0.4 0.549971
0.5 0.915653
0.6 1.35234
0.7 1.82504
0.8 2.32708
0.9 2.83123
1 3.34047
1.1 3.87729
1.2 4.42832
1.3 4.99607
1.4 5.56334
1.5 6.0969
1.6 6.59609
1.7 7.05568
1.8 7.48543
1.9 7.90769
2 8.3234
2.1 8.73018
2.2 9.12089
2.3 9.48009
2.4 9.80978
2.5 10.1203
2.6 10.4211
2.7 10.726
2.8 11.0321
2.9 11.3249
3 11.5901
3.1 11.8099
3.2 11.9793
3.3 12.1035
3.4 12.1884
3.5 12.2419
3.6 12.267
3.7 12.2626
3.8 12.236
3.9 12.2033
4 12.1933
4.1 12.2325
4.2 12.2766
4.3 12.3186
4.4 12.3632
4.5 12.3631
4.6 12.3284
4.7 12.2871
4.8 12.2434
4.9 12.2315
5 12.2534
5.1 12.2747
5.2 12.2922
5.3 12.2815
5.4 12.2426
5.5 12.2084
5.6 12.1856
5.7 12.1893
5.8 12.2164
5.9 12.2376
6 12.2424
6.1 12.2249
6.2 12.19
6.3 12.1637
6.4 12.1576
6.5 12.1711
6.6 12.1973
6.7 12.2131
6.8 12.2082
6.9 12.187
7 12.1589
7.1 12.1434
7.2 12.1489
7.3 12.1682
7.4 12.1899
7.5 12.198
7.6 12.1864
7.7 12.1644
7.8 12.1443
7.9 12.1387
8 12.1513
8.1 12.1714
8.2 12.1863
8.3 12.1864
8.4 12.1709
8.5 12.1508
8.6 12.1385
8.7 12.141
8.8 12.1566
8.9 12.1739
9 12.1816
9.1 12.1752
9.2 12.1585
9.3 12.1427
9.4 12.1379
9.5 12.1462
9.6 12.1621
9.7 12.1748
9.8 12.1761
9.9 12.1656
10 12.1502
10.1 12.1398
10.2 12.141
10.3 12.1523
10.4 12.166
10.5 12.1732
10.6 12.1692
10.7 12.1569
10.8 12.1444
10.9 12.1395
11 12.1451
11.1 12.157
11.2 12.1673
11.3 12.1693
11.4 12.1619
11.5 12.15
11.6 12.1415
11.7 12.1414
11.8 12.1496
11.9 12.1603
12 12.1666
12.1 12.1644
12.2 12.1554
12.3 12.1455
12.4 12.141
12.5 12.1446
12.6 12.1536
12.7 12.1619
12.8 12.1642
12.9 12.1591
13 12.1501
13.1 12.143
13.2 12.1423
13.3 12.1481
13.4 12.1565
13.5 12.1618
13.6 12.1608
13.7 12.1542
13.8 12.1464
13.9 12.1425
14 12.1446
14.1 12.1513
14.2 12.158
14.3 12.1604
14.325 12.1601
