0 0
0.1 0.00759375
0.2 0.100456
0.3 0.353044
0.4 0.767367
0.5 1.3619
0.6 2.14121
0.7 3.02868
0.8 3.94649
0.9 4.88243
1 5.83911
1.1 6.83159
1.2 7.89421
1.3 9.03563
1.4 10.2183
1.5 11.3943
1.6 12.5328
1.7 13.6183
1.8 14.6674
1.9 15.7194
2 16.8052
2.1 17.9312
2.2 19.0849
2.3 20.2442
2.4 21.3897
2.5 22.5212
2.6 23.6535
2.7 24.7993
2.8 25.9533
2.9 27.0849
3 28.1417
3.1 29.065
3.2 29.8116
3.3 30.365
3.4 30.7357
3.5 30.9516
3.6 31.0452
3.7 31.0451
3.8 30.9769
3.9 30.872
4 30.7762
4.1 30.7457
4.2 30.7687
4.3 30.8062
4.4 30.8619
4.5 30.8968
4.6 30.86
4.7 30.7829
4.8 30.7245
4.9 30.7007
5 30.7215
5.1 30.78
5.2 30.8308
5.3 30.8347
5.4 30.7947
5.5 30.7351
5.6 30.6834
5.7 30.6691
5.8 30.6965
5.9 30.7388
6 30.7641
6.1 30.7552
6.2 30.7141
6.3 30.6615
6.4 30.6278
6.5 30.6282
6.6 30.6559
6.7 30.689
6.8 30.7042
6.9 30.6894
7 30.652
7.1 30.6135
7.2 30.5941
7.3 30.601
7.4 30.6257
7.5 30.6492
7.6 30.655
7.7 30.6392
7.8 30.6124
7.9 30.5915
8 30.5895
8.1 30.6074
8.2 30.6338
8.3 30.6527
8.4 30.6536
8.5 30.6371
8.6 30.6143
8.7 30.5994
8.8 30.6007
8.9 30.6161
9 30.6349
9.1 30.6448
9.2 30.6399
9.3 30.6234
9.4 30.6057
9.5 30.5972
9.6 30.6024
9.7 30.6169
9.8 30.6312
9.9 30.6363
10 30.6294
10.1 30.6154
10.2 30.6032
10.3 30.6
10.4 30.6074
10.5 30.6202
10.6 30.6304
10.7 30.6318
10.8 30.6243
10.9 30.613
11 30.6052
11.1 30.6056
11.2 30.6137
11.3 30.6242
11.4 30.6308
11.5 30.6297
11.6 30.6224
11.7 30.6138
11.8 30.6095
11.9 30.6121
12 30.6198
12.1 30.6279
12.2 30.6315
12.3 30.629
12.4 30.6223
12.5 30.6162
12.6 30.6144
12.7 30.6181
12.8 30.6248
12.9 30.6306
13 30.632
13.1 30.6286
13.2 30.623
13.3 30.6188
13.4 30.6187
13.5 30.6226
13.6 30.6281
13.7 30.6317
13.8 30.6315
13.9 30.6279
14 30.6234
14.1 30.6208
14.2 30.6218
14.3 30.6255
14.4 30.6295
14.5 30.6315
14.6 30.6304
14.7 30.6269
14.8 30.6235
14.9 30.6222
15 30.6237
15.1 30.627
15.2 30.6299
15.3 30.6307
15.4 30.629
15.5 30.626
15.6 30.6237
15.7 30.6233
15.8 30.625
15.9 30.6277
16 30.6296
16.1 30.6296
16.2 30.6278
16.3 30.6254
16.4 30.6239
16.5 30.6242
16.6 30.6259
16.7 30.628
16.8 30.6291
16.9 30.6286
17 30.6269
17.1 30.6251
17.2 30.6243
17.3 30.6249
17.4 30.6265
17.5 30.628
17.6 30.6286
17.7 30.6278
17.8 30.6263
17.9 30.625
18 30.6247
18.1 30.6255
18.2 30.6269
18.3 30.6279
18.4 30.628
18.5 30.6271
18.6 30.6259
18.7 30.6251
18.8 30.6251
18.9 30.6259
19 30.627
19.1 30.6276
19.2 30.6274
19.3 30.6266
19.4 30.6257
19.5 30.6252
19.6 30.6254
19.7 30.6262
19.8 30.627
19.9 30.6273
20 30.627
20.1 30.6262
20.2 30.6255
20.3 30.6253
20.4 30.6257
20.5 30.6263
20.6 30.6269
20.7 30.627
20.8 30.6266
20.9 30.626
21 30.6255
21.1 30.6255
21.2 30.6259
21.3 30.6264
21.4 30.6267
21.5 30.6267
21.6 30.6263
21.7 30.6258
21.8 30.6255
21.9 30.6256
22 30.626
22.1 30.6264
22.2 30.6266
22.3 30.6264
22.4 30.6261
22.5 30.6257
22.6 30.6255
22.7 30.6257
22.8 30.626
22.9 30.6263
23 30.6264
23.1 30.6262
23.2 30.6259
23.3 30.6256
23.4 30.6256
23.481 30.6257
