0 0
0.1 0.00269817
0.2 0.0603124
0.3 0.234466
0.4 0.546271
0.5 1.02734
0.6 1.67067
0.7 2.3975
0.8 3.13903
0.9 3.86708
1 4.56904
1.1 5.26562
1.2 6.00496
1.3 6.80662
1.4 7.65057
1.5 8.50317
1.6 9.32042
1.7 10.0642
1.8 10.7352
1.9 11.3649
2 11.9879
2.1 12.6336
2.2 13.3127
2.3 14.006
2.4 14.684
2.5 15.3268
2.6 15.9289
2.7 16.5014
2.8 17.0643
2.9 17.6276
3 18.1796
3.1 18.689
3.2 19.1158
3.3 19.4251
3.4 19.603
3.5 19.6622
3.6 19.6335
3.7 19.5554
3.8 19.4634
3.9 19.3836
4 19.3369
4.1 19.3465
4.2 19.3914
4.3 19.434
4.4 19.4676
4.5 19.4586
4.6 19.3875
4.7 19.2972
4.8 19.2293
4.9 19.1966
5 19.2091
5.1 19.2534
5.2 19.286
5.3 19.2805
5.4 19.2397
5.5 19.1765
5.6 19.1167
5.7 19.0908
5.8 19.1034
5.9 19.1359
6 19.1664
6.1 19.1734
6.2 19.1468
6.3 19.1
6.4 19.057
6.5 19.0357
6.6 19.0433
6.7 19.0717
6.8 19.1006
6.9 19.1112
7 19.0979
7.1 19.068
7.2 19.0375
7.3 19.0232
7.4 19.0316
7.5 19.0557
7.6 19.0806
7.7 19.0919
7.8 19.0828
7.9 19.0583
8 19.0321
8.1 19.0175
8.2 19.0209
8.3 19.0389
8.4 19.06
8.5 19.0717
8.6 19.068
8.7 19.0514
8.8 19.0316
8.9 19.0196
9 19.0216
9.1 19.0355
9.2 19.0531
9.3 19.0645
9.4 19.0639
9.5 19.0524
9.6 19.0373
9.7 19.0273
9.8 19.0278
9.9 19.0381
10 19.0523
10.1 19.0624
10.2 19.0633
10.3 19.0552
10.4 19.0432
10.5 19.0344
10.6 19.0335
10.7 19.0407
10.8 19.0516
10.9 19.06
11 19.0616
11.1 19.0558
11.2 19.0463
11.3 19.0386
11.4 19.0368
11.5 19.0417
11.6 19.05
11.7 19.057
11.8 19.059
11.9 19.055
12 19.0476
12.1 19.041
12.2 19.0389
12.3 19.042
12.4 19.0484
12.5 19.0542
12.6 19.0563
12.7 19.0536
12.8 19.048
12.9 19.0425
13 19.0403
13.1 19.0422
13.2 19.0471
13.3 19.0519
13.4 19.054
13.5 19.0523
13.6 19.0481
13.7 19.0436
13.8 19.0414
13.9 19.0426
14 19.0462
14.1 19.0501
14.2 19.0521
14.3 19.0512
14.4 19.048
14.5 19.0444
14.6 19.0423
14.7 19.0429
14.8 19.0456
14.9 19.0487
15 19.0506
15.1 19.0501
15.2 19.0478
15.3 19.0449
15.4 19.0431
15.5 19.0432
15.6 19.0452
15.7 19.0477
15.8 19.0493
15.9 19.0492
16 19.0475
16.1 19.0452
16.2 19.0436
16.3 19.0435
16.4 19.0449
16.5 19.0469
16.6 19.0483
16.7 19.0484
16.8 19.0472
16.9 19.0454
17 19.044
17.1 19.0438
17.2 19.0447
17.3 19.0462
17.4 19.0475
17.5 19.0477
17.6 19.0469
17.7 19.0455
17.8 19.0443
17.9 19.044
18 19.0446
18.1 19.0458
18.2 19.0468
18.3 19.0471
18.4 19.0466
18.5 19.0455
18.6 19.0445
18.7 19.0441
18.8 19.0445
18.9 19.0455
19 19.0463
19.1 19.0466
19.2 19.0463
19.3 19.0454
19.4 19.0446
19.5 19.0443
19.6 19.0445
19.7 19.0452
19.8 19.0459
19.9 19.0462
20 19.046
20.1 19.0454
20.2 19.0447
20.3 19.0444
20.4 19.0445
20.5 19.045
20.6 19.0456
20.7 19.0459
20.8 19.0458
20.9 19.0453
20.987 19.0448
