0 0
0.1 0.00201868
0.2 0.0508514
0.3 0.200614
0.4 0.478144
0.5 0.924115
0.6 1.53853
0.7 2.25959
0.8 3.039
0.9 3.84908
1 4.66674
1.1 5.50811
1.2 6.40838
1.3 7.37282
1.4 8.38884
1.5 9.43378
1.6 10.4657
1.7 11.4536
1.8 12.3986
1.9 13.3149
2 14.2236
2.1 15.1483
2.2 16.0938
2.3 17.0447
2.4 17.9845
2.5 18.8984
2.6 19.7781
2.7 20.629
2.8 21.459
2.9 22.264
3 23.0277
3.1 23.7226
3.2 24.3129
3.3 24.771
3.4 25.087
3.5 25.2673
3.6 25.3343
3.7 25.32
3.8 25.2559
3.9 25.1718
4 25.0999
4.1 25.0746
4.2 25.0907
4.3 25.1251
4.4 25.1686
4.5 25.1791
4.6 25.1347
4.7 25.0681
4.8 25.0065
4.9 24.9665
5 24.9698
5.1 25.0046
5.2 25.0348
5.3 25.0431
5.4 25.0232
5.5 24.9772
5.6 24.9304
5.7 24.9073
5.8 24.9104
5.9 24.933
6 24.9602
6.1 24.9707
6.2 24.9567
6.3 24.9278
6.4 24.8975
6.5 24.8801
6.6 24.8849
6.7 24.9062
6.8 24.9291
6.9 24.9416
7 24.9369
7.1 24.9167
7.2 24.8932
7.3 24.8788
7.4 24.8784
7.5 24.8908
7.6 24.9077
7.7 24.9181
7.8 24.9167
7.9 24.9058
8 24.8918
8.1 24.8832
8.2 24.8853
8.3 24.8964
8.4 24.9102
8.5 24.9201
8.6 24.9214
8.7 24.9149
8.8 24.906
8.9 24.9006
9 24.902
9.1 24.9099
9.2 24.92
9.3 24.9268
9.4 24.9275
9.5 24.9225
9.6 24.9153
9.7 24.9103
9.8 24.9103
9.9 24.915
10 24.9214
10.1 24.9259
10.2 24.926
10.3 24.922
10.4 24.9165
10.5 24.9125
10.6 24.9121
10.7 24.9152
10.8 24.9197
10.9 24.9229
11 24.9231
11.1 24.9204
11.2 24.9164
11.3 24.9134
11.4 24.913
11.5 24.9151
11.6 24.9183
11.7 24.9207
11.8 24.921
11.9 24.9191
12 24.9163
12.1 24.9141
12.2 24.9137
12.3 24.9151
12.4 24.9174
12.5 24.9192
12.6 24.9195
12.7 24.9182
12.8 24.9161
12.9 24.9145
13 24.9141
13.1 24.915
13.2 24.9167
13.3 24.9179
13.4 24.9182
13.5 24.9173
13.6 24.9158
13.7 24.9146
13.8 24.9143
13.9 24.9149
14 24.916
14.1 24.917
14.2 24.9172
14.3 24.9166
14.4 24.9155
14.5 24.9147
14.6 24.9144
14.7 24.9148
14.8 24.9156
14.9 24.9163
15 24.9165
15.1 24.9161
15.2 24.9153
15.3 24.9147
15.4 24.9145
15.5 24.9148
15.6 24.9153
15.7 24.9158
15.8 24.916
15.9 24.9157
16 24.9152
16.1 24.9148
16.2 24.9146
16.3 24.9148
16.4 24.9152
16.5 24.9156
16.6 24.9157
16.7 24.9155
16.8 24.9151
16.9 24.9148
16.939 24.9147
