0 0
0.1 0.0145147
0.2 0.10568
0.3 0.276832
0.4 0.528867
0.5 0.884434
0.6 1.30855
0.7 1.79131
0.8 2.31578
0.9 2.85708
1 3.42574
1.1 4.01826
1.2 4.63087
1.3 5.26558
1.4 5.89755
1.5 6.51312
1.6 7.10591
1.7 7.66482
1.8 8.20657
1.9 8.73667
2 9.25646
2.1 9.77239
2.2 10.2677
2.3 10.7414
2.4 11.1946
2.5 11.6277
2.6 12.0582
2.7 12.4861
2.8 12.9086
2.9 13.3177
3 13.6912
3.1 14.0195
3.2 14.2937
3.3 14.5103
3.4 14.6761
3.5 14.79
3.6 14.855
3.7 14.8764
3.8 14.8609
3.9 14.8313
4 14.8177
4.1 14.8412
4.2 14.8663
4.3 14.8938
4.4 14.9212
4.5 14.9133
4.6 14.888
4.7 14.8513
4.8 14.8152
4.9 14.8066
5 14.8146
5.1 14.8288
5.2 14.8402
5.3 14.8273
5.4 14.802
5.5 14.7773
5.6 14.7596
5.7 14.7671
5.8 14.7838
5.9 14.7978
6 14.8031
6.1 14.7855
6.2 14.7641
6.3 14.7477
6.4 14.743
6.5 14.7582
6.6 14.7743
6.7 14.7841
6.8 14.781
6.9 14.7626
7 14.7461
7.1 14.7382
7.2 14.7433
7.3 14.7602
7.4 14.7732
7.5 14.7763
7.6 14.7675
7.7 14.7504
7.8 14.7395
7.9 14.7391
8 14.7492
8.1 14.7645
8.2 14.772
8.3 14.769
8.4 14.7573
8.5 14.7432
8.6 14.7383
8.7 14.7433
8.8 14.755
8.9 14.7664
9 14.768
9.1 14.7609
9.2 14.7489
9.3 14.7396
9.4 14.7402
9.5 14.7485
9.6 14.7595
9.7 14.7662
9.8 14.7633
9.9 14.7542
10 14.7444
10.1 14.74
10.2 14.7446
10.3 14.7537
10.4 14.7619
10.5 14.7638
10.6 14.7577
10.7 14.7486
10.8 14.7419
10.9 14.7419
11 14.7487
11.1 14.7569
11.2 14.7616
11.3 14.7596
11.4 14.7522
11.5 14.7448
11.6 14.7417
11.7 14.745
11.8 14.7523
11.9 14.7584
12 14.7597
12.1 14.7552
12.2 14.748
12.3 14.7431
12.4 14.7433
12.5 14.7484
12.6 14.755
12.7 14.7584
12.8 14.7567
12.9 14.7512
13 14.7453
13.1 14.7432
13.2 14.7458
13.3 14.7514
13.4 14.7562
13.5 14.7569
13.6 14.7534
13.7 14.748
13.8 14.7442
13.9 14.7445
14 14.7485
14.1 14.7534
14.2 14.7561
14.3 14.7547
14.3905 14.7509
