0 0
0.1 0.0135014
0.2 0.119475
0.3 0.332606
0.4 0.646529
0.5 1.10197
0.6 1.67459
0.7 2.32932
0.8 3.07378
0.9 3.88218
1 4.75374
1.1 5.71997
1.2 6.75702
1.3 7.86454
1.4 9.02591
1.5 10.202
1.6 11.3889
1.7 12.5843
1.8 13.7841
1.9 15.0026
2 16.2326
2.1 17.4511
2.2 18.6489
2.3 19.8013
2.4 20.9012
2.5 21.9557
2.6 22.9604
2.7 23.9137
2.8 24.804
2.9 25.6052
3 26.2995
3.1 26.8768
3.2 27.3322
3.3 27.6789
3.4 27.9262
3.5 28.0809
3.6 28.1529
3.7 28.1495
3.8 28.0899
3.9 28.0096
4 27.9521
4.1 27.9552
4.2 27.9748
4.3 27.9982
4.4 28.0316
4.5 28.0233
4.6 27.9814
4.7 27.9466
4.8 27.9142
4.9 27.9152
5 27.9526
5.1 27.9773
5.2 27.9931
5.3 27.9828
5.4 27.9472
5.5 27.9259
5.6 27.9253
5.7 27.9432
5.8 27.9781
5.9 27.9969
6 27.989
6.1 27.968
6.2 27.9375
6.3 27.9242
6.4 27.9364
6.5 27.9576
6.6 27.9785
6.7 27.9824
6.8 27.9632
6.9 27.939
7 27.9233
7.1 27.9243
7.2 27.9455
7.3 27.9676
7.4 27.9773
7.5 27.971
7.6 27.9505
7.7 27.9325
7.8 27.9298
7.9 27.9415
8 27.9613
8.1 27.9754
8.2 27.9726
8.3 27.9577
8.4 27.9394
8.5 27.9295
8.6 27.9356
8.7 27.9512
8.8 27.9657
8.9 27.9699
9 27.9602
9.1 27.9442
9.2 27.9332
9.3 27.9336
9.4 27.9457
9.5 27.9608
9.6 27.9684
9.7 27.9645
9.8 27.9519
9.9 27.9393
10 27.9358
10.1 27.9428
10.2 27.9554
10.3 27.9651
10.4 27.965
10.5 27.9556
10.6 27.9437
10.7 27.9369
10.8 27.9398
10.9 27.95
11 27.9602
11.1 27.9638
11.2 27.9585
11.3 27.9482
11.4 27.9403
11.5 27.9399
11.6 27.947
11.7 27.9568
11.8 27.9625
11.9 27.9605
12 27.9524
12.1 27.9439
12.2 27.9407
12.3 27.9447
12.4 27.9529
12.5 27.9596
12.6 27.9603
12.7 27.9548
12.8 27.9469
12.9 27.9421
13 27.9434
13.1 27.9498
13.2 27.9567
13.3 27.9596
13.4 27.9566
13.5 27.9501
13.6 27.9445
13.7 27.9436
13.8 27.9478
13.9 27.9542
14 27.9583
14.1 27.9575
14.2 27.9524
14.3 27.9467
14.4 27.9442
14.5 27.9464
14.6 27.9516
14.7 27.9563
14.7255 27.957
