0 0
0.1 0.0114724
0.2 0.126157
0.3 0.397737
0.4 0.803688
0.5 1.36659
0.6 2.0847
0.7 2.87473
0.8 3.6964
0.9 4.5505
1 5.42342
1.1 6.33784
1.2 7.31927
1.3 8.34945
1.4 9.39051
1.5 10.4153
1.6 11.3949
1.7 12.3285
1.8 13.2461
1.9 14.1742
2 15.1253
2.1 16.0971
2.2 17.0713
2.3 18.0273
2.4 18.9654
2.5 19.8991
2.6 20.8465
2.7 21.8169
2.8 22.7967
2.9 23.7474
3 24.6206
3.1 25.3739
3.2 25.9819
3.3 26.4416
3.4 26.765
3.5 26.9678
3.6 27.0636
3.7 27.0664
3.8 26.9978
3.9 26.8956
4 26.8169
4.1 26.8189
4.2 26.8634
4.3 26.9085
4.4 26.965
4.5 26.9834
4.6 26.925
4.7 26.8528
4.8 26.8086
4.9 26.7986
5 26.8417
5.1 26.9062
5.2 26.936
5.3 26.9167
5.4 26.8647
5.5 26.8017
5.6 26.7692
5.7 26.7862
5.8 26.8298
5.9 26.8674
6 26.8731
6.1 26.837
6.2 26.779
6.3 26.736
6.4 26.7286
6.5 26.7559
6.6 26.7963
6.7 26.819
6.8 26.8058
6.9 26.7648
7 26.7204
7.1 26.6982
7.2 26.7099
7.3 26.744
7.4 26.7753
7.5 26.7818
7.6 26.7587
7.7 26.7199
7.8 26.6897
7.9 26.6854
8 26.707
8.1 26.7382
8.2 26.7574
8.3 26.7519
8.4 26.7259
8.5 26.6972
8.6 26.6846
8.7 26.6958
8.8 26.7232
8.9 26.7486
9 26.7561
9.1 26.7419
9.2 26.7163
9.3 26.6964
9.4 26.6949
9.5 26.7119
9.6 26.7356
9.7 26.7502
9.8 26.7465
9.9 26.7274
10 26.7058
10.1 26.6955
10.2 26.7026
10.3 26.7216
10.4 26.7397
10.5 26.7449
10.6 26.7345
10.7 26.7157
10.8 26.701
10.9 26.6997
11 26.7121
11.1 26.7296
11.2 26.7406
11.3 26.7384
11.4 26.7249
11.5 26.7093
11.6 26.702
11.7 26.7073
11.8 26.7213
11.9 26.7347
12 26.7389
12.1 26.7316
12.2 26.718
12.3 26.7074
12.4 26.7065
12.5 26.7155
12.6 26.7284
12.7 26.7366
12.8 26.7351
12.9 26.7254
13 26.7141
13.1 26.7087
13.2 26.7125
13.3 26.7227
13.4 26.7325
13.5 26.7357
13.6 26.7304
13.7 26.7206
13.8 26.7128
13.9 26.712
14 26.7186
14.1 26.7279
14.2 26.7339
14.3 26.733
14.4 26.7259
14.5 26.7176
14.6 26.7136
14.7 26.7163
14.8 26.7237
14.9 26.7308
15 26.7332
15.1 26.7294
15.2 26.7222
15.3 26.7165
15.4 26.7158
15.5 26.7205
15.6 26.7273
15.7 26.7317
15.8 26.731
15.9 26.7259
16 26.7198
16.1 26.7168
16.2 26.7186
16.3 26.724
16.4 26.7292
16.5 26.7309
16.6 26.7282
16.7 26.7229
16.8 26.7187
16.9 26.7181
17 26.7215
17.1 26.7264
17.2 26.7296
17.3 26.7291
17.4 26.7254
17.5 26.721
17.6 26.7187
17.7 26.72
17.8 26.7238
17.9 26.7276
18 26.7289
18.1 26.727
18.2 26.7232
18.3 26.72
18.4 26.7196
18.5 26.722
18.6 26.7255
18.7 26.7279
18.8 26.7276
18.9 26.7249
19 26.7217
19.1 26.72
19.2 26.7209
19.3 26.7237
19.4 26.7264
19.5 26.7274
19.6 26.726
19.7 26.7232
19.8 26.7209
19.9 26.7206
20 26.7223
20.1 26.7249
20.2 26.7266
20.3 26.7264
20.4 26.7245
20.5 26.7221
20.6 26.7209
20.7 26.7215
20.8 26.7235
20.9 26.7255
21 26.7263
21.1 26.7253
21.2 26.7233
21.3 26.7216
21.4 26.7213
21.5 26.7225
21.5395 26.7232
