0 0
0.1 0.000828204
0.2 0.0392589
0.3 0.148091
0.4 0.339782
0.5 0.643266
0.6 1.03218
0.7 1.446
0.8 1.85935
0.9 2.24401
1 2.59295
1.1 2.95063
1.2 3.33887
1.3 3.7574
1.4 4.20679
1.5 4.64578
1.6 5.03168
1.7 5.36077
1.8 5.63203
1.9 5.86633
2 6.1067
2.1 6.36311
2.2 6.62793
2.3 6.89051
2.4 7.11698
2.5 7.29006
2.6 7.42372
2.7 7.53082
2.8 7.63459
2.9 7.75642
3 7.88357
3.1 7.99468
3.2 8.07019
3.3 8.08651
3.4 8.04588
3.5 7.97251
3.6 7.8874
3.7 7.81549
3.8 7.77268
3.9 7.7533
4 7.75628
4.1 7.78936
4.2 7.8272
4.3 7.85718
4.4 7.88297
4.5 7.86885
4.6 7.82086
4.7 7.774
4.8 7.72835
4.9 7.70358
5 7.71401
5.1 7.72581
5.2 7.72676
5.3 7.71537
5.4 7.67405
5.5 7.6232
5.6 7.58862
5.7 7.56725
5.8 7.56856
5.9 7.58766
6 7.59487
6.1 7.58611
6.2 7.56351
6.3 7.52485
6.4 7.4938
6.5 7.48459
6.6 7.48914
6.7 7.50696
6.8 7.52466
6.9 7.52258
7 7.50622
7.1 7.48273
7.2 7.45799
7.3 7.44978
7.4 7.45969
7.5 7.47577
7.6 7.49295
7.7 7.49924
7.8 7.48704
7.9 7.46799
8 7.45071
8.1 7.44175
8.2 7.44978
8.3 7.46734
8.4 7.48196
8.5 7.4891
8.6 7.48282
8.7 7.46562
8.8 7.45071
8.9 7.44408
9 7.44809
9.1 7.46284
9.2 7.47743
9.3 7.48308
9.4 7.47918
9.5 7.46601
9.6 7.45105
9.7 7.44459
9.8 7.44788
9.9 7.45867
10 7.47209
10.1 7.47853
10.2 7.47482
10.3 7.4646
10.4 7.45204
10.5 7.4446
10.6 7.44713
10.7 7.45622
10.8 7.467
10.9 7.47402
11 7.47201
11.1 7.46295
11.2 7.45262
11.3 7.44558
11.4 7.44626
11.5 7.45427
11.6 7.46371
11.7 7.46983
11.8 7.46944
11.9 7.46204
12 7.45266
12.1 7.44663
12.2 7.44639
12.3 7.45243
12.4 7.46108
12.5 7.4667
12.6 7.4668
12.7 7.46138
12.8 7.4531
12.9 7.44724
13 7.4468
13.1 7.45138
13.2 7.45869
13.3 7.46429
13.4 7.46474
13.5 7.46039
13.6 7.45362
13.7 7.44803
13.8 7.44708
13.9 7.45087
14 7.45689
14.1 7.46201
14.2 7.46312
14.3 7.45959
14.4 7.45385
14.491 7.44929
