0 0
0.1 0.0131426
0.2 0.0799207
0.3 0.201786
0.4 0.376145
0.5 0.61336
0.6 0.890402
0.7 1.20058
0.8 1.53276
0.9 1.86963
1 2.22066
1.1 2.57936
1.2 2.94731
1.3 3.3264
1.4 3.69932
1.5 4.06442
1.6 4.41224
1.7 4.73949
1.8 5.05786
1.9 5.36739
2 5.67734
2.1 5.98869
2.2 6.29364
2.3 6.59351
2.4 6.88147
2.5 7.16008
2.6 7.43523
2.7 7.70503
2.8 7.97217
2.9 8.22761
3 8.46059
3.1 8.66431
3.2 8.8288
3.3 8.9557
3.4 9.04736
3.5 9.10671
3.6 9.14125
3.7 9.15253
3.8 9.14831
3.9 9.14015
4 9.1435
4.1 9.1702
4.2 9.19206
4.3 9.21198
4.4 9.23192
4.5 9.2298
4.6 9.21904
4.7 9.19757
4.8 9.17171
4.9 9.16168
5 9.1566
5.1 9.16094
5.2 9.16596
5.3 9.15722
5.4 9.14504
5.5 9.12533
5.6 9.10921
5.7 9.10638
5.8 9.10792
5.9 9.11686
6 9.12082
6.1 9.11419
6.2 9.10411
6.3 9.08899
6.4 9.08126
6.5 9.08303
6.6 9.0888
6.7 9.09832
6.8 9.0999
6.9 9.09393
7 9.08447
7.1 9.07338
7.2 9.07096
7.3 9.07496
7.4 9.08241
7.5 9.08989
7.6 9.08891
7.7 9.08277
7.8 9.07371
7.9 9.06628
8 9.067
8.1 9.072
8.2 9.07944
8.3 9.08397
8.4 9.08106
8.5 9.07468
8.6 9.06659
8.7 9.06248
8.8 9.06504
8.9 9.07048
9 9.07687
9.1 9.07861
9.2 9.07456
9.3 9.06822
9.4 9.06176
9.5 9.0604
9.6 9.064
9.7 9.0694
9.8 9.07416
9.9 9.07369
10 9.06912
10.1 9.06325
10.2 9.05879
10.3 9.0595
10.4 9.06358
10.5 9.06853
10.6 9.07145
10.7 9.06946
10.8 9.06483
10.9 9.0598
11 9.05735
11.1 9.05943
11.2 9.06356
11.3 9.06765
11.4 9.06879
11.5 9.0659
11.6 9.06151
11.7 9.0576
11.8 9.0569
11.9 9.05972
12 9.06358
12.1 9.06656
12.2 9.06623
12.3 9.06294
12.4 9.05904
12.5 9.0564
12.6 9.05706
12.7 9.06016
12.8 9.0635
12.9 9.06526
13 9.06387
13.1 9.06056
13.2 9.05734
13.3 9.05596
13.4 9.05752
13.5 9.06055
13.6 9.06319
13.7 9.06381
13.8 9.06178
13.9 9.05871
14 9.0563
14.1 9.05602
14.2 9.05809
14.3 9.06082
14.4 9.06265
14.5 9.06233
14.6 9.06
14.689 9.05764
