0 0
0.1 0.00193692
0.2 0.058158
0.3 0.246163
0.4 0.613392
0.5 1.20791
0.6 2.03571
0.7 3.02206
0.8 4.07825
0.9 5.14983
1 6.20529
1.1 7.2492
1.2 8.32694
1.3 9.47828
1.4 10.7074
1.5 11.9934
1.6 13.2962
1.7 14.5669
1.8 15.7773
1.9 16.9348
2 18.0695
2.1 19.2188
2.2 20.4166
2.3 21.6757
2.4 22.983
2.5 24.3126
2.6 25.6378
2.7 26.9362
2.8 28.193
2.9 29.3978
3 30.5318
3.1 31.5639
3.2 32.4543
3.3 33.1628
3.4 33.661
3.5 33.945
3.6 34.0388
3.7 33.9889
3.8 33.8557
3.9 33.7022
4 33.5863
4.1 33.5589
4.2 33.6147
4.3 33.7051
4.4 33.7934
4.5 33.8248
4.6 33.7667
4.7 33.6578
4.8 33.5572
4.9 33.4995
5 33.5051
5.1 33.5652
5.2 33.6332
5.3 33.6635
5.4 33.641
5.5 33.5736
5.6 33.4883
5.7 33.4239
5.8 33.4044
5.9 33.425
6 33.463
6.1 33.4908
6.2 33.4863
6.3 33.4469
6.4 33.3925
6.5 33.3493
6.6 33.3359
6.7 33.3559
6.8 33.3946
6.9 33.4269
7 33.433
7.1 33.4084
7.2 33.3635
7.3 33.3187
7.4 33.2933
7.5 33.2952
7.6 33.3178
7.7 33.3456
7.8 33.362
7.9 33.3579
8 33.3361
8.1 33.3082
8.2 33.2881
8.3 33.2846
8.4 33.2977
8.5 33.3192
8.6 33.3377
8.7 33.3447
8.8 33.3384
8.9 33.3244
9 33.3114
9.1 33.3073
9.2 33.3146
9.3 33.3298
9.4 33.3459
9.5 33.3559
9.6 33.3565
9.7 33.3494
9.8 33.3397
9.9 33.3335
10 33.3343
10.1 33.3416
10.2 33.3515
10.3 33.3592
10.4 33.3612
10.5 33.3571
10.6 33.3495
10.7 33.3425
10.8 33.3395
10.9 33.3415
11 33.3469
11.1 33.3526
11.2 33.3554
11.3 33.3542
11.4 33.3497
11.5 33.3444
11.6 33.3409
11.7 33.3408
11.8 33.3437
11.9 33.3479
12 33.3511
12.1 33.3518
12.2 33.3498
12.3 33.3465
12.4 33.3436
12.5 33.3426
12.6 33.3438
12.7 33.3466
12.8 33.3494
12.9 33.3509
13 33.3505
13.1 33.3486
13.2 33.3464
13.3 33.345
13.4 33.3452
13.5 33.3467
13.6 33.3487
13.7 33.3501
13.8 33.3504
13.9 33.3495
14 33.348
14.1 33.3466
14.2 33.3462
14.3 33.3467
14.4 33.348
14.5 33.3492
14.6 33.3498
14.7 33.3495
14.8 33.3485
14.9 33.3474
15 33.3468
15.1 33.3468
15.2 33.3475
15.3 33.3484
15.4 33.349
15.5 33.3491
15.6 33.3486
15.7 33.3478
15.8 33.3471
15.9 33.3469
16 33.3472
16.1 33.3477
16.2 33.3483
16.3 33.3485
16.4 33.3483
16.5 33.3478
16.6 33.3472
16.7 33.3469
16.8 33.3469
16.9 33.3472
17 33.3476
17.1 33.3479
17.2 33.3478
17.3 33.3475
17.4 33.3471
17.5 33.3468
17.6 33.3467
17.7 33.3468
17.8 33.3471
17.9 33.3473
18 33.3474
18.1 33.3472
18.2 33.347
18.3 33.3467
18.4 33.3466
18.5 33.3466
18.6 33.3467
18.7 33.3469
18.8 33.347
18.9 33.3469
19 33.3468
19.1 33.3466
19.2 33.3464
19.3 33.3464
19.4 33.3465
19.5 33.3466
19.6 33.3467
19.7 33.3467
19.8 33.3466
19.9 33.3465
20 33.3463
20.1 33.3463
20.2 33.3463
20.3 33.3463
20.3055 33.3464
