0 0
0.1 0.00287537
0.2 0.0486751
0.3 0.169439
0.4 0.371503
0.5 0.685431
0.6 1.0992
0.7 1.56317
0.8 2.06082
0.9 2.57769
1 3.10431
1.1 3.67092
1.2 4.29591
1.3 4.9688
1.4 5.68057
1.5 6.40449
1.6 7.10546
1.7 7.77994
1.8 8.43755
1.9 9.08703
2 9.74758
2.1 10.422
2.2 11.0889
2.3 11.7307
2.4 12.3316
2.5 12.8794
2.6 13.3845
2.7 13.8603
2.8 14.3088
2.9 14.7287
3 15.1051
3.1 15.414
3.2 15.644
3.3 15.7944
3.4 15.8736
3.5 15.902
3.6 15.8973
3.7 15.8685
3.8 15.823
3.9 15.7686
4 15.7192
4.1 15.7014
4.2 15.709
4.3 15.7302
4.4 15.7672
4.5 15.7799
4.6 15.7521
4.7 15.7122
4.8 15.6701
4.9 15.644
5 15.6574
5.1 15.6913
5.2 15.7203
5.3 15.7367
5.4 15.7263
5.5 15.6948
5.6 15.6711
5.7 15.6659
5.8 15.6798
5.9 15.7109
6 15.7368
6.1 15.7403
6.2 15.7258
6.3 15.6998
6.4 15.6761
6.5 15.6728
6.6 15.6876
6.7 15.7086
6.8 15.7259
6.9 15.7267
7 15.7098
7.1 15.6887
7.2 15.6743
7.3 15.674
7.4 15.6893
7.5 15.7088
7.6 15.72
7.7 15.7182
7.8 15.7042
7.9 15.6865
8 15.6772
8.1 15.681
8.2 15.6944
8.3 15.7101
8.4 15.7182
8.5 15.7136
8.6 15.7009
8.7 15.6875
8.8 15.6811
8.9 15.6859
9 15.6981
9.1 15.7096
9.2 15.7141
9.3 15.7091
9.4 15.6975
9.5 15.6874
9.6 15.6843
9.7 15.6896
9.8 15.7001
9.9 15.709
10 15.711
10.1 15.7054
10.2 15.696
10.3 15.6883
10.4 15.6873
10.5 15.6929
10.6 15.7015
10.7 15.7079
10.8 15.7083
10.9 15.7026
11 15.6948
11.1 15.6896
11.2 15.6898
11.3 15.6952
11.4 15.7023
11.5 15.7066
11.6 15.7058
11.7 15.7006
11.8 15.6943
11.9 15.6908
12 15.692
12.1 15.6969
12.2 15.7025
12.3 15.7054
12.4 15.7038
12.5 15.6991
12.6 15.6942
12.7 15.6921
12.8 15.6938
12.9 15.6982
13 15.7025
13.1 15.7041
13.2 15.7022
13.3 15.6981
13.4 15.6944
13.5 15.6933
13.5385 15.6937
