0 0
0.1 0.00193224
0.2 0.0516491
0.3 0.206516
0.4 0.494157
0.5 0.951895
0.6 1.57458
0.7 2.29207
0.8 3.04331
0.9 3.79283
1 4.51833
1.1 5.2386
1.2 5.9955
1.3 6.80556
1.4 7.66083
1.5 8.53662
1.6 9.3891
1.7 10.1825
1.8 10.9128
1.9 11.5979
2 12.2674
2.1 12.9525
2.2 13.6668
2.3 14.4001
2.4 15.1324
2.5 15.8441
2.6 16.5236
2.7 17.1743
2.8 17.808
2.9 18.4298
3 19.0308
3.1 19.5872
3.2 20.0635
3.3 20.4267
3.4 20.6599
3.5 20.7666
3.6 20.7696
3.7 20.7046
3.8 20.6089
3.9 20.5154
4 20.4535
4.1 20.4514
4.2 20.4944
4.3 20.5476
4.4 20.5951
4.5 20.5959
4.6 20.5323
4.7 20.4441
4.8 20.3687
4.9 20.3266
5 20.3353
5.1 20.3785
5.2 20.4148
5.3 20.4197
5.4 20.3872
5.5 20.3251
5.6 20.2624
5.7 20.2285
5.8 20.2299
5.9 20.2567
6 20.2886
6.1 20.3011
6.2 20.2827
6.3 20.2423
6.4 20.1984
6.5 20.1699
6.6 20.1688
6.7 20.1911
6.8 20.2201
6.9 20.2389
7 20.2372
7.1 20.2158
7.2 20.1868
7.3 20.1654
7.4 20.1608
7.5 20.1728
7.6 20.1926
7.7 20.2073
7.8 20.2082
7.9 20.1953
8 20.1756
8.1 20.1597
8.2 20.1558
8.3 20.1649
8.4 20.181
8.5 20.195
8.6 20.1995
8.7 20.193
8.8 20.1801
8.9 20.1687
9 20.165
9.1 20.1711
9.2 20.1834
9.3 20.1953
9.4 20.2008
9.5 20.1979
9.6 20.1892
9.7 20.1802
9.8 20.1763
9.9 20.1793
10 20.1876
10.1 20.1964
10.2 20.2011
10.3 20.1997
10.4 20.1934
10.5 20.1862
10.6 20.182
10.7 20.1829
10.8 20.1881
10.9 20.1945
11 20.1984
11.1 20.1981
11.2 20.1938
11.3 20.1882
11.4 20.1844
11.5 20.1842
11.6 20.1875
11.7 20.1921
11.8 20.1955
11.9 20.1958
12 20.1931
12.1 20.189
12.2 20.1858
12.3 20.1851
12.4 20.1871
12.5 20.1905
12.6 20.1933
12.7 20.194
12.8 20.1924
12.9 20.1895
13 20.1869
13.1 20.186
13.2 20.1872
13.3 20.1896
13.4 20.1918
13.5 20.1926
13.6 20.1918
13.7 20.1897
13.8 20.1877
13.9 20.1868
14 20.1873
14.1 20.189
14.2 20.1907
14.3 20.1915
14.4 20.1911
14.5 20.1897
14.6 20.1881
14.7 20.1873
14.8 20.1874
14.9 20.1885
15 20.1898
15.1 20.1906
15.2 20.1904
15.3 20.1895
15.4 20.1883
15.5 20.1875
15.6 20.1875
15.7 20.1882
15.8 20.1891
15.9 20.1898
16 20.1898
16.1 20.1892
16.2 20.1884
16.3 20.1877
16.4 20.1876
16.5 20.188
16.6 20.1886
16.7 20.1892
16.8 20.1893
16.9 20.1889
17 20.1883
17.1 20.1878
17.2 20.1876
17.3 20.1878
17.4 20.1883
17.5 20.1887
17.6 20.1889
17.7 20.1887
17.8 20.1882
17.9 20.1878
18 20.1876
18.1 20.1877
18.2 20.188
18.3 20.1884
18.4 20.1885
18.5 20.1884
18.6 20.1881
18.7 20.1878
18.8 20.1876
18.9 20.1877
19 20.1879
19.1 20.1881
19.2 20.1883
19.3 20.1882
19.4 20.188
19.5 20.1878
19.6 20.1876
19.7 20.1876
19.8 20.1877
19.9 20.1879
20 20.1881
20.063 20.1881
