0 0
0.1 0.0106259
0.2 0.112562
0.3 0.346529
0.4 0.702198
0.5 1.22212
0.6 1.90591
0.7 2.69055
0.8 3.56775
0.9 4.53782
1 5.57844
1.1 6.72223
1.2 7.98152
1.3 9.32712
1.4 10.7386
1.5 12.1909
1.6 13.6466
1.7 15.1068
1.8 16.5869
1.9 18.0832
2 19.5989
2.1 21.1191
2.2 22.61
2.3 24.049
2.4 25.4289
2.5 26.7441
2.6 28.0018
2.7 29.2047
2.8 30.3333
2.9 31.3636
3 32.2692
3.1 33.0282
3.2 33.6361
3.3 34.1041
3.4 34.4441
3.5 34.6695
3.6 34.791
3.7 34.8165
3.8 34.7661
3.9 34.6763
4 34.5987
4.1 34.5855
4.2 34.6063
4.3 34.6329
4.4 34.6746
4.5 34.6784
4.6 34.622
4.7 34.5645
4.8 34.5253
4.9 34.5129
5 34.5539
5.1 34.606
5.2 34.6283
5.3 34.6221
5.4 34.5892
5.5 34.5469
5.6 34.5369
5.7 34.5615
5.8 34.5979
5.9 34.6314
6 34.6359
6.1 34.606
6.2 34.5677
6.3 34.544
6.4 34.5448
6.5 34.5721
6.6 34.6042
6.7 34.6156
6.8 34.6032
6.9 34.5743
7 34.547
7.1 34.5415
7.2 34.5605
7.3 34.5888
7.4 34.6098
7.5 34.6101
7.6 34.5894
7.7 34.5642
7.8 34.5511
7.9 34.5573
8 34.5786
8.1 34.6002
8.2 34.6064
8.3 34.5946
8.4 34.5728
8.5 34.555
8.6 34.5531
8.7 34.5672
8.8 34.5869
8.9 34.5991
9 34.5963
9.1 34.5807
9.2 34.5638
9.3 34.5568
9.4 34.564
9.5 34.5804
9.6 34.5948
9.7 34.5978
9.8 34.5882
9.9 34.5729
10 34.5621
10.1 34.5627
10.2 34.5738
10.3 34.5874
10.4 34.5943
10.5 34.5903
10.6 34.5784
10.7 34.5668
10.8 34.5632
10.9 34.5696
11 34.5813
11.1 34.5905
11.2 34.5912
11.3 34.5835
11.4 34.5728
11.5 34.5664
11.6 34.5684
11.7 34.577
11.8 34.5863
11.9 34.59
12 34.586
12.1 34.5772
12.2 34.5696
12.3 34.5681
12.4 34.5734
12.5 34.5817
12.6 34.5873
12.7 34.5867
12.8 34.5806
12.9 34.5732
13 34.5696
13.1 34.5719
13.2 34.5784
13.3 34.5846
13.4 34.5865
13.5 34.583
13.6 34.5767
13.7 34.5718
13.8 34.5716
13.9 34.5759
14 34.5817
14.1 34.585
14.2 34.5838
14.3 34.5791
14.4 34.5741
14.5 34.5721
14.6 34.5744
14.7 34.5791
14.8 34.5832
14.9 34.5839
14.9055 34.5838
