0 0
0.1 0.00510458
0.2 0.0467208
0.3 0.133113
0.4 0.266036
0.5 0.46632
0.6 0.712396
0.7 0.990968
0.8 1.29494
0.9 1.60154
1 1.92046
1.1 2.25681
1.2 2.60729
1.3 2.97931
1.4 3.35582
1.5 3.72064
1.6 4.06847
1.7 4.38772
1.8 4.68593
1.9 4.97408
2 5.25217
2.1 5.52537
2.2 5.78575
2.3 6.02126
2.4 6.23226
2.5 6.41627
2.6 6.58023
2.7 6.73592
2.8 6.88225
2.9 7.01895
3 7.13858
3.1 7.22819
3.2 7.28704
3.3 7.31469
3.4 7.31648
3.5 7.30423
3.6 7.28021
3.7 7.24846
3.8 7.21211
3.9 7.17263
4 7.14444
4.1 7.13992
4.2 7.14305
4.3 7.15654
4.4 7.17785
4.5 7.1772
4.6 7.16259
4.7 7.13583
4.8 7.10135
4.9 7.08509
5 7.0823
5.1 7.0889
5.2 7.10058
5.3 7.09668
5.4 7.08041
5.5 7.05889
5.6 7.03664
5.7 7.03034
5.8 7.03794
5.9 7.05003
6 7.06215
6.1 7.06069
6.2 7.04701
6.3 7.03159
6.4 7.01859
6.5 7.01861
6.6 7.03034
6.7 7.04258
6.8 7.05127
6.9 7.04824
7 7.03482
7.1 7.02237
7.2 7.01465
7.3 7.01773
7.4 7.02994
7.5 7.04011
7.6 7.04482
7.7 7.03972
7.8 7.02697
7.9 7.01714
8 7.0134
8.1 7.01852
8.2 7.02989
8.3 7.03774
8.4 7.03912
8.5 7.03267
8.6 7.02135
8.7 7.01409
8.8 7.01352
8.9 7.01984
9 7.02978
9.1 7.03532
9.2 7.03419
9.3 7.02713
9.4 7.01767
9.5 7.01285
9.6 7.01462
9.7 7.0214
9.8 7.02955
9.9 7.03294
10 7.03
10.1 7.02296
10.2 7.01548
10.3 7.01286
10.4 7.01622
10.5 7.02285
10.6 7.02915
10.7 7.03062
10.8 7.02657
10.9 7.02004
11 7.01451
11.1 7.01372
11.2 7.01797
11.3 7.02399
11.4 7.02846
11.5 7.02834
11.6 7.02373
11.7 7.018
11.8 7.01425
11.9 7.01491
12 7.01949
12.1 7.02463
12.2 7.02744
12.3 7.02611
12.4 7.02142
12.5 7.01669
12.6 7.01453
12.7 7.01623
12.8 7.02073
12.9 7.02485
13 7.02625
13.1 7.02409
13.2 7.01968
13.3 7.01602
13.4 7.01517
13.5 7.01754
13.6 7.02167
13.7 7.02473
13.8 7.02497
13.9 7.02235
13.9695 7.01963
