0 0
0.1 0.00674075
0.2 0.0561884
0.3 0.149351
0.4 0.283251
0.5 0.478814
0.6 0.704169
0.7 0.947728
0.8 1.20321
0.9 1.44645
1 1.69437
1.1 1.95226
1.2 2.21594
1.3 2.49568
1.4 2.77161
1.5 3.02798
1.6 3.26479
1.7 3.47035
1.8 3.6565
1.9 3.83846
2 4.01229
2.1 4.18618
2.2 4.35114
2.3 4.49103
2.4 4.61231
2.5 4.70914
2.6 4.78899
2.7 4.86763
2.8 4.93653
2.9 4.99826
3 5.04394
3.1 5.05634
3.2 5.04182
3.3 4.9982
3.4 4.93399
3.5 4.8673
3.6 4.79738
3.7 4.7323
3.8 4.6751
3.9 4.62333
4 4.5939
4.1 4.59349
4.2 4.59693
4.3 4.6119
4.4 4.63393
4.5 4.62981
4.6 4.61651
4.7 4.59135
4.8 4.55984
4.9 4.55104
5 4.55246
5.1 4.56234
5.2 4.57683
5.3 4.57139
5.4 4.55526
5.5 4.53496
5.6 4.5125
5.7 4.50907
5.8 4.51787
5.9 4.52863
6 4.54098
6.1 4.53655
6.2 4.52032
6.3 4.50527
6.4 4.49019
6.5 4.4911
6.6 4.50384
6.7 4.51395
6.8 4.52343
6.9 4.51845
7 4.50286
7.1 4.49137
7.2 4.48189
7.3 4.48575
7.4 4.49928
7.5 4.50808
7.6 4.51385
7.7 4.50782
7.8 4.49335
7.9 4.48416
8 4.47921
8.1 4.48459
8.2 4.49732
8.3 4.50458
8.4 4.50661
8.5 4.49995
8.6 4.48693
8.7 4.4797
8.8 4.47845
8.9 4.48446
9 4.49591
9.1 4.50141
9.2 4.50046
9.3 4.49364
9.4 4.48231
9.5 4.47712
9.6 4.47862
9.7 4.48486
9.8 4.49473
9.9 4.49841
10 4.49543
10.1 4.48869
10.2 4.4793
10.3 4.47607
10.4 4.47937
10.5 4.48563
10.6 4.49362
10.7 4.49564
10.8 4.49139
10.9 4.4849
11 4.47761
11.1 4.47603
11.2 4.48043
11.3 4.48645
11.4 4.49246
11.5 4.49311
11.6 4.48813
11.7 4.48212
11.8 4.47686
11.9 4.4766
12 4.48159
12.1 4.48708
12.2 4.49123
12.3 4.49077
12.4 4.48549
12.5 4.48019
12.6 4.47673
12.7 4.47751
12.8 4.48267
12.9 4.48742
13 4.48996
13.1 4.48861
13.2 4.4834
13.3 4.47896
13.4 4.477
13.5 4.47862
13.6 4.48356
13.7 4.48747
13.8 4.48868
13.9 4.48666
14 4.48184
14.04 4.48009
