0 0
0.1 0.00285731
0.2 0.0385414
0.3 0.122022
0.4 0.257798
0.5 0.469792
0.6 0.738087
0.7 1.03874
0.8 1.36352
0.9 1.68693
1 2.01392
1.1 2.36059
1.2 2.7237
1.3 3.11092
1.4 3.51022
1.5 3.89466
1.6 4.25693
1.7 4.58656
1.8 4.88571
1.9 5.17387
2 5.455
2.1 5.73164
2.2 6.00075
2.3 6.24439
2.4 6.45729
2.5 6.64074
2.6 6.79823
2.7 6.9452
2.8 7.08765
2.9 7.22133
3 7.34061
3.1 7.43077
3.2 7.48309
3.3 7.50082
3.4 7.4892
3.5 7.46072
3.6 7.42627
3.7 7.3874
3.8 7.3465
3.9 7.30566
4 7.27155
4.1 7.26088
4.2 7.26275
4.3 7.27352
4.4 7.2947
4.5 7.29158
4.6 7.26545
4.7 7.22794
4.8 7.17913
4.9 7.14801
5 7.13958
5.1 7.13973
5.2 7.14761
5.3 7.14227
5.4 7.11651
5.5 7.08613
5.6 7.05493
5.7 7.03768
5.8 7.04251
5.9 7.05402
6 7.0654
6.1 7.06662
6.2 7.04976
6.3 7.02847
6.4 7.01166
6.5 7.00558
6.6 7.01648
6.7 7.03247
6.8 7.04291
6.9 7.04372
7 7.03056
7.1 7.0132
7.2 7.00291
7.3 7.00238
7.4 7.01366
7.5 7.02865
7.6 7.03608
7.7 7.03389
7.8 7.02212
7.9 7.00749
8 7.00063
8.1 7.00333
8.2 7.01381
8.3 7.02621
8.4 7.03101
8.5 7.02649
8.6 7.01576
8.7 7.00412
8.8 6.99981
8.9 7.00448
9 7.01415
9.1 7.02377
9.2 7.02646
9.3 7.02073
9.4 7.01107
9.5 7.0024
9.6 7.00029
9.7 7.00599
9.8 7.01481
9.9 7.0219
10 7.02282
10.1 7.01668
10.2 7.00814
10.3 7.00196
10.4 7.00161
10.5 7.00752
10.6 7.01525
10.7 7.02012
10.8 7.01952
10.9 7.01345
11 7.00611
11.1 7.00195
11.2 7.00296
11.3 7.00868
11.4 7.01519
11.5 7.01832
11.6 7.01659
11.7 7.01091
11.8 7.00488
11.9 7.00233
12 7.00433
12.1 7.00962
12.2 7.01486
12.3 7.01663
12.4 7.01416
12.5 7.00903
12.6 7.0043
12.7 7.003
12.8 7.0056
12.9 7.01034
13 7.01435
13.1 7.01505
13.2 7.01219
13.3 7.00768
13.4 7.00416
13.5 7.00382
13.6 7.00669
13.7 7.01082
13.8 7.01372
13.8365 7.01407
