0 0
0.1 0.00469144
0.2 0.0479907
0.3 0.141094
0.4 0.284941
0.5 0.503407
0.6 0.774699
0.7 1.07858
0.8 1.41031
0.9 1.74658
1 2.09453
1.1 2.46815
1.2 2.86195
1.3 3.28127
1.4 3.71336
1.5 4.13303
1.6 4.53543
1.7 4.91293
1.8 5.26728
1.9 5.61632
2 5.96053
2.1 6.29829
2.2 6.62644
2.3 6.92686
2.4 7.19665
2.5 7.43991
2.6 7.65857
2.7 7.8672
2.8 8.06813
2.9 8.25342
3 8.41834
3.1 8.54844
3.2 8.6382
3.3 8.69395
3.4 8.71961
3.5 8.72658
3.6 8.72216
3.7 8.70472
3.8 8.67793
3.9 8.64597
4 8.6199
4.1 8.61905
4.2 8.62792
4.3 8.64433
4.4 8.67098
4.5 8.67149
4.6 8.65095
4.7 8.62148
4.8 8.58304
4.9 8.56501
5 8.56924
5.1 8.57977
5.2 8.59539
5.3 8.59557
5.4 8.57508
5.5 8.55229
5.6 8.53089
5.7 8.52405
5.8 8.53844
5.9 8.55517
6 8.56778
6.1 8.56859
6.2 8.55084
6.3 8.53214
6.4 8.52089
6.5 8.52055
6.6 8.53642
6.7 8.55279
6.8 8.55984
6.9 8.55684
7 8.54062
7.1 8.52454
7.2 8.51905
7.3 8.52323
7.4 8.53777
7.5 8.5516
7.6 8.55439
7.7 8.54788
7.8 8.5338
7.9 8.52115
8 8.51957
8.1 8.52694
8.2 8.5395
8.3 8.5499
8.4 8.54965
8.5 8.54096
8.6 8.52915
8.7 8.52031
8.8 8.52148
8.9 8.53047
9 8.54092
9.1 8.54766
9.2 8.54519
9.3 8.53572
9.4 8.52612
9.5 8.52094
9.6 8.52412
9.7 8.53344
9.8 8.54188
9.9 8.54539
10 8.54141
10.1 8.53233
10.2 8.52488
10.3 8.52278
10.4 8.5273
10.5 8.53589
10.6 8.54227
10.7 8.54307
10.8 8.53806
10.9 8.53
11 8.52457
11.1 8.52478
11.2 8.53002
11.3 8.53734
11.4 8.54172
11.5 8.54056
11.6 8.53509
11.7 8.52845
11.8 8.52496
11.9 8.5268
12 8.53226
12.1 8.5381
12.2 8.54064
12.3 8.5382
12.4 8.53277
12.5 8.52764
12.6 8.5259
12.7 8.52874
12.8 8.53396
12.9 8.53832
13 8.53927
13.1 8.5361
13.2 8.53111
13.3 8.52743
13.4 8.52715
13.5 8.53048
13.6 8.53513
13.7 8.53811
13.721 8.53833
