0 0
0.1 0.00284903
0.2 0.034975
0.3 0.107598
0.4 0.222962
0.5 0.399029
0.6 0.615289
0.7 0.85302
0.8 1.10198
0.9 1.33982
1 1.57566
1.1 1.8196
1.2 2.07267
1.3 2.34486
1.4 2.62078
1.5 2.88321
1.6 3.12509
1.7 3.33445
1.8 3.52106
1.9 3.69861
2 3.87172
2.1 4.04847
2.2 4.2198
2.3 4.37284
2.4 4.50362
2.5 4.60646
2.6 4.68925
2.7 4.76318
2.8 4.83041
2.9 4.89278
3 4.94075
3.1 4.96164
3.2 4.95158
3.3 4.90909
3.4 4.84341
3.5 4.76833
3.6 4.69149
3.7 4.61963
3.8 4.55307
3.9 4.49089
4 4.4409
4.1 4.41245
4.2 4.39484
4.3 4.38752
4.4 4.38915
4.5 4.37304
4.6 4.34212
4.7 4.30035
4.8 4.25176
4.9 4.22066
5 4.20651
5.1 4.20449
5.2 4.21037
5.3 4.20359
5.4 4.18412
5.5 4.15791
5.6 4.12965
5.7 4.11656
5.8 4.11872
5.9 4.12909
6 4.14219
6.1 4.14317
6.2 4.13156
6.3 4.11456
6.4 4.09769
6.5 4.09324
6.6 4.10133
6.7 4.11439
6.8 4.12656
6.9 4.12744
7 4.11703
7.1 4.10287
7.2 4.09083
7.3 4.08953
7.4 4.09864
7.5 4.11067
7.6 4.11979
7.7 4.11887
7.8 4.10858
7.9 4.09622
8 4.08748
8.1 4.08821
8.2 4.09735
8.3 4.10784
8.4 4.11424
8.5 4.11182
8.6 4.10198
8.7 4.09149
8.8 4.08551
8.9 4.08777
9 4.09658
9.1 4.10549
9.2 4.10967
9.3 4.10622
9.4 4.09713
9.5 4.08849
9.6 4.08476
9.7 4.0881
9.8 4.0963
9.9 4.10363
10 4.106
10.1 4.10191
10.2 4.09372
10.3 4.08682
10.4 4.08489
10.5 4.08889
10.6 4.09629
10.7 4.10211
10.8 4.10304
10.9 4.09859
11 4.09138
11.1 4.08605
11.2 4.08549
11.3 4.08981
11.4 4.09632
11.5 4.10074
11.6 4.10056
11.7 4.096
11.8 4.08979
11.9 4.08585
12 4.08632
12.1 4.09071
12.2 4.09628
12.3 4.09946
12.4 4.09846
12.5 4.094
12.6 4.08878
12.7 4.08603
12.8 4.08725
12.9 4.09149
13 4.09614
13.1 4.09827
13.2 4.09668
13.3 4.09248
13.4 4.08819
13.5 4.08645
13.6 4.08817
13.6475 4.08988
