0 0
0.1 0.00490914
0.2 0.049397
0.3 0.145258
0.4 0.294077
0.5 0.519681
0.6 0.799748
0.7 1.11393
0.8 1.45508
0.9 1.79792
1 2.14912
1.1 2.52047
1.2 2.90713
1.3 3.31555
1.4 3.73155
1.5 4.13125
1.6 4.50889
1.7 4.85498
1.8 5.17303
1.9 5.48042
2 5.77871
2.1 6.0695
2.2 6.34924
2.3 6.60116
2.4 6.82352
2.5 7.01888
2.6 7.1909
2.7 7.35513
2.8 7.5137
2.9 7.66117
3 7.79243
3.1 7.89196
3.2 7.95491
3.3 7.98541
3.4 7.9871
3.5 7.97259
3.6 7.94826
3.7 7.91404
3.8 7.87429
3.9 7.83181
4 7.7987
4.1 7.79331
4.2 7.79871
4.3 7.81373
4.4 7.83957
4.5 7.83951
4.6 7.81901
4.7 7.78734
4.8 7.74538
4.9 7.7235
5 7.72237
5.1 7.72918
5.2 7.74241
5.3 7.73977
5.4 7.7179
5.5 7.69244
5.6 7.66695
5.7 7.65718
5.8 7.66805
5.9 7.6827
6 7.69553
6.1 7.69587
6.2 7.67826
6.3 7.65917
6.4 7.64552
6.5 7.64375
6.6 7.65848
6.7 7.67414
6.8 7.68266
6.9 7.68052
7 7.66443
7.1 7.6484
7.2 7.64103
7.3 7.64375
7.4 7.65802
7.5 7.67155
7.6 7.67566
7.7 7.67031
7.8 7.65586
7.9 7.64287
8 7.63971
8.1 7.6455
8.2 7.65814
8.3 7.66871
8.4 7.66947
8.5 7.66189
8.6 7.64954
8.7 7.63988
8.8 7.63985
8.9 7.64751
9 7.65824
9.1 7.66571
9.2 7.66404
9.3 7.65544
9.4 7.64527
9.5 7.63889
9.6 7.64109
9.7 7.6494
9.8 7.65813
9.9 7.66262
10 7.65925
10.1 7.65064
10.2 7.64261
10.3 7.6392
10.4 7.64293
10.5 7.65103
10.6 7.65782
10.7 7.65974
10.8 7.65531
10.9 7.64737
11 7.64136
11.1 7.64035
11.2 7.64493
11.3 7.65218
11.4 7.65706
11.5 7.65693
11.6 7.65195
11.7 7.64509
11.8 7.64095
11.9 7.64172
12 7.64665
12.1 7.65273
12.2 7.65586
12.3 7.65428
12.4 7.64921
12.5 7.64365
12.6 7.6412
12.7 7.6432
12.8 7.64806
12.9 7.65284
13 7.65445
13.1 7.65194
13.2 7.64714
13.3 7.64292
13.4 7.64189
13.5 7.64462
13.6 7.64911
13.7 7.6526
13.8 7.65295
13.9 7.64995
13.902 7.64989
