0 0
0.1 0.0116751
0.2 0.0723027
0.3 0.184368
0.4 0.349056
0.5 0.579846
0.6 0.854362
0.7 1.16866
0.8 1.51074
0.9 1.86291
1 2.23483
1.1 2.61742
1.2 3.01266
1.3 3.42135
1.4 3.82449
1.5 4.22085
1.6 4.59821
1.7 4.95212
1.8 5.29314
1.9 5.61861
2 5.9382
2.1 6.25208
2.2 6.55234
2.3 6.84224
2.4 7.11461
2.5 7.37377
2.6 7.62704
2.7 7.87264
2.8 8.11585
2.9 8.3483
3 8.56049
3.1 8.74776
3.2 8.89979
3.3 9.01926
3.4 9.10819
3.5 9.16784
3.6 9.20559
3.7 9.22079
3.8 9.21999
3.9 9.21416
4 9.21658
4.1 9.24047
4.2 9.26113
4.3 9.28189
4.4 9.30382
4.5 9.3025
4.6 9.29275
4.7 9.27103
4.8 9.24425
4.9 9.23385
5 9.22753
5.1 9.2316
5.2 9.23662
5.3 9.22769
5.4 9.21659
5.5 9.1975
5.6 9.18253
5.7 9.18143
5.8 9.18387
5.9 9.19448
6 9.19961
6.1 9.19382
6.2 9.18543
6.3 9.17123
6.4 9.16496
6.5 9.16824
6.6 9.1745
6.7 9.18506
6.8 9.18682
6.9 9.18099
7 9.17247
7.1 9.16173
7.2 9.16044
7.3 9.16531
7.4 9.17276
7.5 9.18065
7.6 9.1792
7.7 9.173
7.8 9.1646
7.9 9.15749
8 9.15933
8.1 9.16482
8.2 9.17208
8.3 9.17666
8.4 9.17305
8.5 9.16678
8.6 9.15933
8.7 9.1557
8.8 9.15935
8.9 9.16491
9 9.17104
9.1 9.17254
9.2 9.16781
9.3 9.16183
9.4 9.15599
9.5 9.15529
9.6 9.15979
9.7 9.16502
9.8 9.16946
9.9 9.16855
10 9.16351
10.1 9.1582
10.2 9.15437
10.3 9.15586
10.4 9.16054
10.5 9.1651
10.6 9.16762
10.7 9.16509
10.8 9.16025
10.9 9.1559
11 9.15407
11.1 9.1569
11.2 9.16128
11.3 9.16483
11.4 9.16552
11.5 9.16209
11.6 9.1578
11.7 9.15463
11.8 9.15457
11.9 9.15802
12 9.16179
12.1 9.16417
12.2 9.16336
12.3 9.15967
12.4 9.15614
12.5 9.15424
12.6 9.1555
12.7 9.15901
12.8 9.16199
12.9 9.16315
13 9.16129
13.1 9.1578
13.2 9.15515
13.3 9.15445
13.4 9.15655
13.5 9.15973
13.6 9.16183
13.7 9.1619
13.8 9.15947
13.9 9.15646
14 9.15472
14.1 9.15505
14.2 9.15753
14.3 9.16014
14.4 9.16137
14.5 9.16056
14.57 9.15884
