0 0
0.1 0.00295382
0.2 0.0644501
0.3 0.241252
0.4 0.540076
0.5 0.986925
0.6 1.57407
0.7 2.2134
0.8 2.84038
0.9 3.44974
1 4.03432
1.1 4.61079
1.2 5.23877
1.3 5.93308
1.4 6.65079
1.5 7.36068
1.6 8.02826
1.7 8.60908
1.8 9.11507
1.9 9.59815
2 10.0863
2.1 10.5974
2.2 11.1434
2.3 11.6937
2.4 12.2046
2.5 12.6678
2.6 13.0924
2.7 13.4901
2.8 13.8915
2.9 14.3167
3 14.7412
3.1 15.1267
3.2 15.4408
3.3 15.6488
3.4 15.7413
3.5 15.7481
3.6 15.7051
3.7 15.6403
3.8 15.5806
3.9 15.5402
4 15.5208
4.1 15.5392
4.2 15.5764
4.3 15.5987
4.4 15.6145
4.5 15.6016
4.6 15.5354
4.7 15.4582
4.8 15.4101
4.9 15.385
5 15.3894
5.1 15.4247
5.2 15.446
5.3 15.4272
5.4 15.3886
5.5 15.3386
5.6 15.2872
5.7 15.2695
5.8 15.289
5.9 15.315
6 15.3338
6.1 15.3366
6.2 15.3079
6.3 15.2611
6.4 15.2284
6.5 15.2185
6.6 15.2283
6.7 15.2568
6.8 15.2835
6.9 15.284
7 15.2625
7.1 15.2329
7.2 15.2039
7.3 15.1928
7.4 15.209
7.5 15.2367
7.6 15.2581
7.7 15.2657
7.8 15.253
7.9 15.224
8 15.1988
8.1 15.191
8.2 15.1996
8.3 15.2204
8.4 15.2427
8.5 15.2497
8.6 15.2377
8.7 15.2167
8.8 15.1964
8.9 15.1866
9 15.1949
9.1 15.2151
9.2 15.2332
9.3 15.2407
9.4 15.2344
9.5 15.2162
9.6 15.1976
9.7 15.1905
9.8 15.1969
9.9 15.2124
10 15.2295
10.1 15.2378
10.2 15.2319
10.3 15.2172
10.4 15.2022
10.5 15.1943
10.6 15.1984
10.7 15.2124
10.8 15.2268
10.9 15.2337
11 15.2303
11.1 15.2182
11.2 15.2042
11.3 15.1971
11.4 15.2003
11.5 15.211
11.6 15.2235
11.7 15.2307
11.8 15.2281
11.9 15.2177
12 15.2062
12.1 15.1994
12.2 15.2009
12.3 15.2101
12.4 15.221
12.5 15.2272
12.6 15.2257
12.7 15.2176
12.8 15.2073
12.9 15.2008
13 15.202
13.1 15.2093
13.2 15.2184
13.3 15.2244
13.4 15.2237
13.5 15.2168
13.6 15.2081
13.7 15.2024
13.8 15.2026
13.9 15.2085
14 15.2165
14.1 15.2219
14.2 15.2217
14.3 15.2163
14.4 15.2088
14.5 15.2034
14.6 15.2033
14.7 15.2081
14.8 15.2148
14.9 15.2198
15 15.2201
15.1 15.2156
15.2 15.2092
15.3 15.2045
15.4 15.2039
15.5 15.2077
15.6 15.2135
15.7 15.218
15.8 15.2185
15.9 15.2151
16 15.2096
16.1 15.2053
16.2 15.2045
16.3 15.2076
16.4 15.2125
16.5 15.2164
16.6 15.2172
16.7 15.2145
16.8 15.2099
16.9 15.206
17 15.2051
17.1 15.2075
17.2 15.2116
17.3 15.2152
17.4 15.2161
17.5 15.214
17.6 15.2101
17.7 15.2067
17.8 15.2056
17.9 15.2075
18 15.211
18.1 15.2141
18.2 15.2151
18.3 15.2135
18.4 15.2102
18.5 15.2072
18.6 15.2061
18.7 15.2075
18.8 15.2104
18.9 15.2132
19 15.2142
19.1 15.213
19.2 15.2103
19.3 15.2076
19.4 15.2065
19.5 15.2076
19.6 15.21
19.7 15.2125
19.8 15.2135
19.9 15.2126
20 15.2103
20.1 15.208
20.2 15.2069
20.3 15.2077
20.3805 15.2093
