0 0
0.1 0.011014
0.2 0.12236
0.3 0.372623
0.4 0.723131
0.5 1.20372
0.6 1.81624
0.7 2.45669
0.8 3.09907
0.9 3.77281
1 4.44519
1.1 5.13667
1.2 5.89649
1.3 6.68791
1.4 7.45696
1.5 8.20865
1.6 8.90926
1.7 9.54203
1.8 10.1613
1.9 10.794
2 11.4253
2.1 12.0653
2.2 12.7038
2.3 13.2954
2.4 13.8517
2.5 14.4022
2.6 14.9501
2.7 15.509
2.8 16.0898
2.9 16.648
3 17.1428
3.1 17.5628
3.2 17.8866
3.3 18.1119
3.4 18.2676
3.5 18.3642
3.6 18.3941
3.7 18.3725
3.8 18.31
3.9 18.2227
4 18.1649
4.1 18.1901
4.2 18.2405
4.3 18.2818
4.4 18.3437
4.5 18.3578
4.6 18.2806
4.7 18.2085
4.8 18.1743
4.9 18.1547
5 18.1977
5.1 18.2734
5.2 18.2924
5.3 18.2624
5.4 18.2209
5.5 18.1537
5.6 18.114
5.7 18.1459
5.8 18.1948
5.9 18.2248
6 18.2394
6.1 18.2074
6.2 18.1366
6.3 18.0972
6.4 18.0976
6.5 18.1195
6.6 18.1653
6.7 18.2004
6.8 18.1813
6.9 18.136
7 18.096
7.1 18.0667
7.2 18.0747
7.3 18.12
7.4 18.1555
7.5 18.1601
7.6 18.1428
7.7 18.1008
7.8 18.0599
7.9 18.0568
8 18.0831
8.1 18.1146
8.2 18.1411
8.3 18.1411
8.4 18.107
8.5 18.0711
8.6 18.0552
8.7 18.061
8.8 18.09
8.9 18.1258
9 18.1367
9.1 18.1207
9.2 18.0931
9.3 18.0652
9.4 18.0559
9.5 18.0758
9.6 18.1059
9.7 18.1251
9.8 18.127
9.9 18.1071
10 18.0764
10.1 18.0596
10.2 18.0654
10.3 18.0856
10.4 18.1107
10.5 18.1243
10.6 18.1141
10.7 18.0902
10.8 18.0695
10.9 18.0617
11 18.0725
11.1 18.0968
11.2 18.1152
11.3 18.1165
11.4 18.1028
11.5 18.0812
11.6 18.0652
11.7 18.0673
11.8 18.0843
11.9 18.1033
12 18.1144
12.1 18.1101
12.2 18.092
12.3 18.0739
12.4 18.0676
12.5 18.075
12.6 18.0921
12.7 18.1082
12.8 18.1114
12.9 18.1006
13 18.0843
13.1 18.0717
13.2 18.0709
13.3 18.0831
13.4 18.0991
13.5 18.1082
13.6 18.1057
13.7 18.0932
13.8 18.0784
13.9 18.0717
14 18.0771
14.1 18.0899
14.2 18.1023
14.3 18.1066
14.4 18.0994
14.5 18.0862
14.6 18.076
14.7 18.0746
14.8 18.0827
14.9 18.0953
15 18.1036
15.1 18.1023
15.2 18.0931
15.3 18.0818
15.4 18.0755
15.5 18.0785
15.6 18.0884
15.7 18.0983
15.8 18.1022
15.9 18.0978
16 18.0877
16.1 18.079
16.2 18.0772
16.3 18.083
16.4 18.0925
16.5 18.0996
16.6 18.0996
16.7 18.0927
16.8 18.0838
16.9 18.0784
17 18.0799
17.1 18.0872
17.2 18.0953
17.3 18.0989
17.4 18.096
17.5 18.0886
17.6 18.0814
17.7 18.0792
17.8 18.0833
17.9 18.0906
18 18.0964
18.1 18.0971
18.2 18.0923
18.3 18.0852
18.4 18.0806
18.5 18.0812
18.6 18.0864
18.7 18.0929
18.8 18.0963
18.9 18.0945
19 18.0889
19.1 18.0832
19.2 18.081
19.2385 18.0814
