0 0
0.1 0.00883804
0.2 0.0770323
0.3 0.212435
0.4 0.411889
0.5 0.703949
0.6 1.06107
0.7 1.46236
0.8 1.9061
0.9 2.36959
1 2.85956
1.1 3.39496
1.2 3.96326
1.3 4.56791
1.4 5.19632
1.5 5.81644
1.6 6.43148
1.7 7.0332
1.8 7.62382
1.9 8.22304
2 8.82202
2.1 9.41614
2.2 9.99705
2.3 10.5441
2.4 11.0564
2.5 11.5377
2.6 11.9881
2.7 12.4165
2.8 12.8179
2.9 13.1763
3 13.4842
3.1 13.7275
3.2 13.904
3.3 14.0253
3.4 14.0965
3.5 14.1295
3.6 14.1312
3.7 14.1014
3.8 14.0504
3.9 13.9926
4 13.9507
4.1 13.9504
4.2 13.962
4.3 13.9815
4.4 14.0117
4.5 14.0079
4.6 13.9815
4.7 13.9512
4.8 13.9172
4.9 13.911
5 13.9319
5.1 13.9513
5.2 13.9708
5.3 13.9687
5.4 13.9424
5.5 13.9236
5.6 13.9111
5.7 13.9184
5.8 13.9464
5.9 13.9657
6 13.9737
6.1 13.9648
6.2 13.9393
6.3 13.9223
6.4 13.9202
6.5 13.9308
6.6 13.953
6.7 13.9656
6.8 13.961
6.9 13.9467
7 13.9253
7.1 13.9143
7.2 13.9212
7.3 13.9358
7.4 13.9535
7.5 13.9606
7.6 13.9512
7.7 13.9361
7.8 13.9222
7.9 13.9189
8 13.9305
8.1 13.946
8.2 13.9569
8.3 13.9573
8.4 13.9447
8.5 13.93
8.6 13.9222
8.7 13.9243
8.8 13.9371
8.9 13.95
9 13.9545
9.1 13.9495
9.2 13.9366
9.3 13.9253
9.4 13.9234
9.5 13.9302
9.6 13.9424
9.7 13.9518
9.8 13.9515
9.9 13.9434
10 13.9324
10.1 13.9254
10.2 13.9278
10.3 13.9368
10.4 13.9467
10.5 13.9515
10.6 13.9474
10.7 13.9381
10.8 13.9296
10.9 13.9269
11 13.9321
11.1 13.9413
11.2 13.9481
11.3 13.9488
11.4 13.9427
11.5 13.934
11.6 13.9288
11.7 13.9298
11.8 13.9365
11.9 13.9444
12 13.948
12.1 13.9456
12.2 13.9387
12.3 13.9319
12.4 13.9298
12.5 13.9334
12.6 13.9402
12.7 13.9458
12.8 13.9465
12.9 13.9421
13 13.9356
13.1 13.9312
13.2 13.9318
13.3 13.9367
13.4 13.9426
13.5 13.9457
13.524 13.9458
