0 0
0.1 0.00436826
0.2 0.0653014
0.3 0.222763
0.4 0.474827
0.5 0.847682
0.6 1.32671
0.7 1.84395
0.8 2.3646
0.9 2.87754
1 3.37248
1.1 3.87706
1.2 4.42438
1.3 5.0041
1.4 5.59509
1.5 6.17084
1.6 6.69162
1.7 7.14763
1.8 7.55996
1.9 7.95095
2 8.3441
2.1 8.75136
2.2 9.15717
2.3 9.53702
2.4 9.87699
2.5 10.1741
2.6 10.4415
2.7 10.7044
2.8 10.9767
2.9 11.2535
3 11.5169
3.1 11.7386
3.2 11.895
3.3 11.982
3.4 12.0103
3.5 11.9996
3.6 11.9696
3.7 11.9311
3.8 11.8861
3.9 11.8383
4 11.8021
4.1 11.8026
4.2 11.8247
4.3 11.8506
4.4 11.8873
4.5 11.8928
4.6 11.8447
4.7 11.7785
4.8 11.7167
4.9 11.6739
5 11.6756
5.1 11.7073
5.2 11.7301
5.3 11.7316
5.4 11.7044
5.5 11.6515
5.6 11.6061
5.7 11.5901
5.8 11.6016
5.9 11.6322
6 11.6602
6.1 11.6618
6.2 11.6362
6.3 11.5988
6.4 11.567
6.5 11.5584
6.6 11.5771
6.7 11.6067
6.8 11.6282
6.9 11.6292
7 11.6071
7.1 11.5752
7.2 11.553
7.3 11.5512
7.4 11.5691
7.5 11.5953
7.6 11.6124
7.7 11.6097
7.8 11.5897
7.9 11.5643
8 11.548
8.1 11.5505
8.2 11.5688
8.3 11.5909
8.4 11.6037
8.5 11.5994
8.6 11.581
8.7 11.56
8.8 11.5486
8.9 11.5529
9 11.5694
9.1 11.5874
9.2 11.5959
9.3 11.5899
9.4 11.5735
9.5 11.5565
9.6 11.549
9.7 11.555
9.8 11.57
9.9 11.5847
10 11.5902
10.1 11.5835
10.2 11.5691
10.3 11.5557
10.4 11.5513
10.5 11.5579
10.6 11.5712
10.7 11.5828
10.8 11.5857
10.9 11.5786
11 11.566
11.1 11.5555
11.2 11.5533
11.3 11.5601
11.4 11.5715
11.5 11.5804
11.6 11.5815
11.7 11.5743
11.8 11.5635
11.9 11.5555
12 11.5549
12.1 11.5617
12.2 11.5714
12.3 11.578
12.4 11.5777
12.5 11.5709
12.6 11.5618
12.7 11.5559
12.8 11.5565
12.9 11.5629
13 11.571
13.1 11.5758
13.2 11.5746
13.3 11.5682
13.4 11.5606
13.5 11.5564
13.6 11.5579
13.7 11.5638
13.8 11.5704
13.9 11.5738
14 11.5719
14.1 11.5661
14.2 11.5599
14.3 11.5571
14.4 11.559
14.5 11.5644
14.6 11.5697
14.7 11.5719
14.8 11.5696
14.9 11.5645
15 11.5596
15.1 11.5578
15.2 11.56
15.3 11.5647
15.4 11.569
15.5 11.5702
15.6 11.5678
15.7 11.5633
15.8 11.5594
15.9 11.5585
16 11.5608
16.1 11.5649
16.2 11.5682
16.3 11.5688
16.4 11.5663
16.5 11.5624
16.6 11.5595
16.7 11.5591
16.8 11.5615
16.9 11.565
16.98 11.5671
