0 0
0.1 0.00471909
0.2 0.0659759
0.3 0.224782
0.4 0.484181
0.5 0.877492
0.6 1.40089
0.7 1.99664
0.8 2.6395
0.9 3.32606
1 4.04417
1.1 4.81663
1.2 5.67413
1.3 6.60023
1.4 7.57198
1.5 8.56883
1.6 9.55262
1.7 10.5115
1.8 11.4638
1.9 12.4201
2 13.3878
2.1 14.3693
2.2 15.3418
2.3 16.2749
2.4 17.1553
2.5 17.9771
2.6 18.7426
2.7 19.4668
2.8 20.1517
2.9 20.7821
3 21.3398
3.1 21.8027
3.2 22.155
3.3 22.4009
3.4 22.5564
3.5 22.6394
3.6 22.6679
3.7 22.6545
3.8 22.6058
3.9 22.5362
4 22.4738
4.1 22.4536
4.2 22.4672
4.3 22.4982
4.4 22.5479
4.5 22.5698
4.6 22.5387
4.7 22.4892
4.8 22.4442
4.9 22.4176
5 22.4357
5.1 22.483
5.2 22.518
5.3 22.5304
5.4 22.5155
5.5 22.4761
5.6 22.4459
5.7 22.4459
5.8 22.4684
5.9 22.5032
6 22.5312
6.1 22.5302
6.2 22.5041
6.3 22.4728
6.4 22.4509
6.5 22.451
6.6 22.4743
6.7 22.501
6.8 22.5139
6.9 22.5079
7 22.4849
7.1 22.4595
7.2 22.4494
7.3 22.4587
7.4 22.4802
7.5 22.5018
7.6 22.51
7.7 22.4996
7.8 22.4797
7.9 22.4627
8 22.458
8.1 22.4688
8.2 22.4874
8.3 22.501
8.4 22.5022
8.5 22.4907
8.6 22.4735
8.7 22.4618
8.8 22.4626
8.9 22.4742
9 22.4891
9.1 22.4983
9.2 22.4961
9.3 22.4846
9.4 22.4719
9.5 22.4654
9.6 22.4691
9.7 22.4804
9.8 22.4917
9.9 22.4962
10 22.4916
10.1 22.4811
10.2 22.4714
10.3 22.4684
10.4 22.4736
10.5 22.4831
10.6 22.4911
10.7 22.4925
10.8 22.4868
10.9 22.478
11 22.4716
11.1 22.4714
11.2 22.4772
11.3 22.4852
11.4 22.4904
11.5 22.4897
11.6 22.484
11.7 22.4769
11.8 22.473
11.9 22.4745
12 22.4801
12.1 22.4862
12.2 22.489
12.3 22.4869
12.4 22.4815
12.5 22.4763
12.6 22.4744
12.7 22.4768
12.8 22.4818
12.9 22.4862
13 22.4873
13.1 22.4846
13.2 22.48
13.3 22.4764
13.4 22.476
13.5 22.4788
13.6 22.483
13.7 22.4859
13.8 22.4858
13.9 22.483
14 22.4792
14.081 22.4772
