0 0
0.1 0.013921
0.2 0.103031
0.3 0.271021
0.4 0.519036
0.5 0.871088
0.6 1.29282
0.7 1.77383
0.8 2.29856
0.9 2.84164
1 3.41332
1.1 4.01181
1.2 4.63138
1.3 5.27505
1.4 5.91783
1.5 6.54398
1.6 7.1488
1.7 7.71919
1.8 8.27171
1.9 8.81284
2 9.34181
2.1 9.86625
2.2 10.3688
2.3 10.8473
2.4 11.3039
2.5 11.7379
2.6 12.1668
2.7 12.592
2.8 13.0096
2.9 13.4127
3 13.7795
3.1 14.0994
3.2 14.3653
3.3 14.573
3.4 14.7299
3.5 14.8367
3.6 14.8947
3.7 14.9108
3.8 14.8908
3.9 14.8565
4 14.8389
4.1 14.858
4.2 14.88
4.3 14.9059
4.4 14.9325
4.5 14.9248
4.6 14.8992
4.7 14.8625
4.8 14.8263
4.9 14.8174
5 14.8261
5.1 14.8404
5.2 14.8524
5.3 14.84
5.4 14.8145
5.5 14.7904
5.6 14.7726
5.7 14.7803
5.8 14.798
5.9 14.8123
6 14.8184
6.1 14.8015
6.2 14.7799
6.3 14.7639
6.4 14.7592
6.5 14.7745
6.6 14.7915
6.7 14.8014
6.8 14.7989
6.9 14.7808
7 14.7638
7.1 14.7561
7.2 14.761
7.3 14.778
7.4 14.7917
7.5 14.7947
7.6 14.7864
7.7 14.7692
7.8 14.7577
7.9 14.7575
8 14.7673
8.1 14.7829
8.2 14.791
8.3 14.7878
8.4 14.7764
8.5 14.762
8.6 14.7566
8.7 14.7617
8.8 14.7733
8.9 14.785
9 14.7872
9.1 14.7798
9.2 14.768
9.3 14.7584
9.4 14.7586
9.5 14.7671
9.6 14.7781
9.7 14.7852
9.8 14.7826
9.9 14.7733
10 14.7634
10.1 14.7587
10.2 14.763
10.3 14.7724
10.4 14.7806
10.5 14.7829
10.6 14.7769
10.7 14.7676
10.8 14.7608
10.9 14.7605
11 14.7672
11.1 14.7757
11.2 14.7805
11.3 14.7789
11.4 14.7715
11.5 14.7638
11.6 14.7606
11.7 14.7636
11.8 14.7711
11.9 14.7775
12 14.7789
12.1 14.7746
12.2 14.7673
12.3 14.7621
12.4 14.7622
12.5 14.7672
12.6 14.7739
12.7 14.7776
12.8 14.7761
12.9 14.7706
13 14.7646
13.1 14.7622
13.2 14.7647
13.3 14.7703
13.4 14.7753
13.5 14.7763
13.6 14.7728
13.7 14.7674
13.8 14.7634
13.9 14.7635
14 14.7675
14.1 14.7725
14.2 14.7754
14.2515 14.7752
