0 0
0.1 0.00464014
0.2 0.0552335
0.3 0.169416
0.4 0.343892
0.5 0.603864
0.6 0.923564
0.7 1.2654
0.8 1.61928
0.9 1.96092
1 2.29278
1.1 2.64071
1.2 3.0059
1.3 3.38882
1.4 3.78021
1.5 4.1471
1.6 4.47518
1.7 4.76397
1.8 5.01622
1.9 5.25539
2 5.49549
2.1 5.73201
2.2 5.96034
2.3 6.16308
2.4 6.32741
2.5 6.46048
2.6 6.57093
2.7 6.67305
2.8 6.7783
2.9 6.87913
3 6.9628
3.1 7.01514
3.2 7.02438
3.3 6.995
3.4 6.94014
3.5 6.87357
3.6 6.80822
3.7 6.74754
3.8 6.68928
3.9 6.63637
4 6.59899
4.1 6.59405
4.2 6.60473
4.3 6.62337
4.4 6.65301
4.5 6.65314
4.6 6.62124
4.7 6.57719
4.8 6.52513
4.9 6.49386
5 6.49519
5.1 6.50825
5.2 6.52348
5.3 6.52378
5.4 6.49582
5.5 6.45865
5.6 6.42745
5.7 6.41218
5.8 6.42397
5.9 6.44704
6 6.46261
6.1 6.46385
6.2 6.44347
6.3 6.41377
6.4 6.3943
6.5 6.39079
6.6 6.40596
6.7 6.42957
6.8 6.44295
6.9 6.44013
7 6.42204
7.1 6.39788
7.2 6.38414
7.3 6.38705
7.4 6.40303
7.5 6.42297
7.6 6.43286
7.7 6.42655
7.8 6.40911
7.9 6.38995
8 6.38071
8.1 6.38692
8.2 6.40282
8.3 6.41863
8.4 6.42463
8.5 6.41638
8.6 6.39982
8.7 6.3849
8.8 6.37985
8.9 6.38778
9 6.40279
9.1 6.41504
9.2 6.41743
9.3 6.40822
9.4 6.39323
9.5 6.38187
9.6 6.38034
9.7 6.38916
9.8 6.40252
9.9 6.41166
10 6.41119
10.1 6.40158
10.2 6.38866
10.3 6.38044
10.4 6.38154
10.5 6.39071
10.6 6.40209
10.7 6.40847
10.8 6.40597
10.9 6.39643
11 6.38569
11.1 6.38022
11.2 6.38313
11.3 6.39213
11.4 6.40146
11.5 6.40538
11.6 6.4015
11.7 6.39245
11.8 6.38381
11.9 6.38069
12 6.38476
12.1 6.39318
12.2 6.40055
12.3 6.40241
12.4 6.39772
12.5 6.38949
12.6 6.38282
12.7 6.38161
12.8 6.38634
12.9 6.39389
13 6.39946
13.1 6.39969
13.2 6.3946
13.3 6.38739
13.4 6.3825
13.5 6.38276
13.6 6.38777
13.7 6.39428
13.8 6.39822
13.824 6.39846
