0 0
0.1 0.000326669
0.2 0.0357864
0.3 0.159638
0.4 0.414335
0.5 0.842234
0.6 1.42877
0.7 2.11068
0.8 2.82875
0.9 3.52624
1 4.1753
1.1 4.79887
1.2 5.43154
1.3 6.10271
1.4 6.82891
1.5 7.58883
1.6 8.33926
1.7 9.04191
1.8 9.66957
1.9 10.223
2 10.7321
2.1 11.2325
2.2 11.7528
2.3 12.305
2.4 12.8757
2.5 13.4387
2.6 13.9703
2.7 14.4557
2.8 14.8966
2.9 15.3058
3 15.6937
3.1 16.0604
3.2 16.3909
3.3 16.6581
3.4 16.8349
3.5 16.9064
3.6 16.8771
3.7 16.7733
3.8 16.6356
3.9 16.5089
4 16.4342
4.1 16.4438
4.2 16.5261
4.3 16.6352
4.4 16.7233
4.5 16.732
4.6 16.6524
4.7 16.5281
4.8 16.4078
4.9 16.3421
5 16.3566
5.1 16.4256
5.2 16.5042
5.3 16.5488
5.4 16.5284
5.5 16.4509
5.6 16.3532
5.7 16.2746
5.8 16.2462
5.9 16.2724
6 16.3273
6.1 16.3752
6.2 16.3862
6.3 16.3487
6.4 16.2778
6.5 16.2042
6.6 16.1575
6.7 16.1542
6.8 16.189
6.9 16.2383
7 16.2746
7.1 16.2788
7.2 16.2494
7.3 16.2022
7.4 16.161
7.5 16.1453
7.6 16.1607
7.7 16.1973
7.8 16.2354
7.9 16.2559
8 16.2498
8.1 16.2218
8.2 16.187
8.3 16.163
8.4 16.1606
8.5 16.1791
8.6 16.2077
8.7 16.2312
8.8 16.2378
8.9 16.2252
9 16.2005
9.1 16.1763
9.2 16.1644
9.3 16.1695
9.4 16.1875
9.5 16.2085
9.6 16.2216
9.7 16.2206
9.8 16.2067
9.9 16.1876
10 16.1728
10.1 16.1693
10.2 16.1779
10.3 16.1934
10.4 16.2076
10.5 16.2134
10.6 16.2085
10.7 16.196
10.8 16.1825
10.9 16.1747
11 16.1761
11.1 16.1853
11.2 16.1971
11.3 16.2056
11.4 16.2066
11.5 16.2002
11.6 16.19
11.7 16.1812
11.8 16.1781
11.9 16.1817
12 16.1898
12.1 16.198
12.2 16.2021
12.3 16.2004
12.4 16.194
12.5 16.1864
12.6 16.1814
12.7 16.1812
12.8 16.1856
12.9 16.192
13 16.197
13.1 16.1983
13.2 16.1954
13.3 16.19
13.4 16.1849
13.5 16.1825
13.6 16.1839
13.7 16.188
13.8 16.1926
13.9 16.1953
14 16.1949
14.1 16.1918
14.2 16.1876
14.3 16.1845
14.4 16.1839
14.5 16.1859
14.6 16.1894
14.7 16.1923
14.8 16.1934
14.9 16.1922
15 16.1894
15.1 16.1865
15.2 16.1849
15.3 16.1853
15.4 16.1873
15.5 16.1899
15.6 16.1916
15.7 16.1917
15.8 16.1902
15.9 16.1879
16 16.1861
16.1 16.1855
16.2 16.1864
16.3 16.1882
16.4 16.1899
16.5 16.1907
16.5015 16.1907
