0 0
0.1 0.00768242
0.2 0.0717283
0.3 0.205461
0.4 0.407005
0.5 0.704718
0.6 1.07352
0.7 1.48616
0.8 1.9361
0.9 2.3982
1 2.87271
1.1 3.37863
1.2 3.90658
1.3 4.45621
1.4 5.01779
1.5 5.55738
1.6 6.07116
1.7 6.55443
1.8 7.00715
1.9 7.45153
2 7.88813
2.1 8.31349
2.2 8.72452
2.3 9.10502
2.4 9.45278
2.5 9.77678
2.6 10.0829
2.7 10.3829
2.8 10.6804
2.9 10.962
3 11.2173
3.1 11.4325
3.2 11.5976
3.3 11.7187
3.4 11.7999
3.5 11.8476
3.6 11.8686
3.7 11.8616
3.8 11.8315
3.9 11.7916
4 11.7623
4.1 11.7684
4.2 11.787
4.3 11.8119
4.4 11.846
4.5 11.8472
4.6 11.8194
4.7 11.7834
4.8 11.7418
4.9 11.7239
5 11.7367
5.1 11.753
5.2 11.7689
5.3 11.7668
5.4 11.7371
5.5 11.7086
5.6 11.6879
5.7 11.685
5.8 11.7067
5.9 11.7274
6 11.7366
6.1 11.7301
6.2 11.7051
6.3 11.682
6.4 11.6745
6.5 11.6817
6.6 11.7025
6.7 11.721
6.8 11.7223
6.9 11.7105
7 11.6898
7.1 11.6731
7.2 11.6739
7.3 11.6867
7.4 11.7046
7.5 11.7169
7.6 11.7128
7.7 11.6979
7.8 11.6814
7.9 11.6721
8 11.6775
8.1 11.6924
8.2 11.7061
8.3 11.7115
8.4 11.7039
8.5 11.6885
8.6 11.6765
8.7 11.6737
8.8 11.6822
8.9 11.6966
9 11.7061
9.1 11.706
9.2 11.6964
9.3 11.6831
9.4 11.6755
9.5 11.6777
9.6 11.6876
9.7 11.6992
9.8 11.7044
9.9 11.7001
10 11.6898
10.1 11.6795
10.2 11.6761
10.3 11.6815
10.4 11.6913
10.5 11.6997
10.6 11.7011
10.7 11.6946
10.8 11.6851
10.9 11.6783
11 11.6785
11.1 11.6854
11.2 11.6942
11.3 11.6992
11.4 11.6975
11.5 11.6901
11.6 11.6822
11.7 11.6787
11.8 11.6815
11.9 11.6887
12 11.6955
12.1 11.6975
12.2 11.6937
12.3 11.6866
12.4 11.6808
12.5 11.6801
12.6 11.6845
12.7 11.691
12.8 11.6955
12.9 11.6951
13 11.6902
13.1 11.6841
13.2 11.6807
13.3 11.682
13.4 11.687
13.5 11.6924
13.6 11.6947
13.7 11.6925
13.8 11.6874
13.8135 11.6867
