0 0
0.1 0.00784266
0.2 0.0973863
0.3 0.313865
0.4 0.632862
0.5 1.07881
0.6 1.6507
0.7 2.25476
0.8 2.84732
0.9 3.45393
1 4.05621
1.1 4.66776
1.2 5.34211
1.3 6.05955
1.4 6.76348
1.5 7.4405
1.6 8.06994
1.7 8.62253
1.8 9.14092
1.9 9.66987
2 10.2039
2.1 10.744
2.2 11.2869
2.3 11.7922
2.4 12.2432
2.5 12.6719
2.6 13.0934
2.7 13.518
2.8 13.9655
2.9 14.4153
3 14.8189
3.1 15.1524
3.2 15.4047
3.3 15.5646
3.4 15.6549
3.5 15.7048
3.6 15.7152
3.7 15.6879
3.8 15.6348
3.9 15.5637
4 15.5025
4.1 15.5052
4.2 15.5434
4.3 15.5784
4.4 15.6327
4.5 15.6545
4.6 15.59
4.7 15.5072
4.8 15.4591
4.9 15.4285
5 15.4493
5.1 15.5194
5.2 15.5575
5.3 15.5411
5.4 15.5028
5.5 15.4424
5.6 15.3844
5.7 15.3887
5.8 15.4347
5.9 15.4733
6 15.4987
6.1 15.4914
6.2 15.4354
6.3 15.377
6.4 15.3585
6.5 15.3683
6.6 15.4029
6.7 15.45
6.8 15.4634
6.9 15.4325
7 15.3895
7.1 15.3521
7.2 15.3339
7.3 15.3571
7.4 15.4016
7.5 15.4278
7.6 15.4279
7.7 15.4037
7.8 15.3601
7.9 15.3281
8 15.3326
8.1 15.36
8.2 15.3926
8.3 15.4169
8.4 15.4118
8.5 15.379
8.6 15.3463
8.7 15.3319
8.8 15.3389
8.9 15.3679
9 15.4002
9.1 15.4099
9.2 15.3951
9.3 15.3678
9.4 15.3404
9.5 15.3305
9.6 15.3474
9.7 15.3755
9.8 15.3959
9.9 15.4001
10 15.3834
10.1 15.3549
10.2 15.3358
10.3 15.3371
10.4 15.3544
10.5 15.3787
10.6 15.3954
10.7 15.3915
10.8 15.3712
10.9 15.3494
11 15.3373
11.1 15.3422
11.2 15.3623
11.3 15.3833
11.4 15.391
11.5 15.3831
11.6 15.3643
11.7 15.3454
11.8 15.3395
11.9 15.35
12 15.3683
12.1 15.3835
12.2 15.3871
12.3 15.3757
12.4 15.3573
12.5 15.3444
12.6 15.3439
12.7 15.3555
12.8 15.3724
12.9 15.3835
13 15.3814
13.1 15.3687
13.2 15.3536
13.3 15.3447
13.4 15.3479
13.5 15.3611
13.6 15.375
13.7 15.381
13.8 15.3763
13.9 15.3634
14 15.3506
14.1 15.3464
14.2 15.3527
14.3 15.3649
14.4 15.3758
14.5 15.3784
14.6 15.371
14.7 15.3589
14.8 15.3498
14.9 15.3489
15 15.3566
15.1 15.368
15.2 15.3755
15.3 15.3747
15.4 15.3664
15.5 15.356
15.6 15.3497
15.7 15.3517
15.8 15.3602
15.9 15.3696
16 15.3742
16.1 15.3712
16.2 15.3626
16.3 15.354
16.4 15.3508
16.5 15.3546
16.6 15.3629
16.7 15.3704
16.8 15.3723
16.9 15.3676
17 15.3596
17.1 15.3532
17.2 15.3523
17.3 15.3573
17.4 15.365
17.5 15.3702
17.6 15.37
17.7 15.3646
17.8 15.3575
17.9 15.3531
18 15.3542
18.1 15.3597
18.2 15.3661
18.3 15.3695
18.4 15.3676
18.5 15.3619
18.569 15.3577
