0 0
0.1 0.011068
0.2 0.0712806
0.3 0.181655
0.4 0.339457
0.5 0.556658
0.6 0.809444
0.7 1.09068
0.8 1.38991
0.9 1.6891
1 1.99929
1.1 2.31546
1.2 2.639
1.3 2.97335
1.4 3.29986
1.5 3.61568
1.6 3.91145
1.7 4.18168
1.8 4.43894
1.9 4.68325
2 4.92289
2.1 5.16029
2.2 5.38574
2.3 5.60061
2.4 5.79871
2.5 5.98138
2.6 6.15735
2.7 6.32531
2.8 6.48938
2.9 6.64386
3 6.77788
3.1 6.88782
3.2 6.96572
3.3 7.0142
3.4 7.03975
3.5 7.04536
3.6 7.03965
3.7 7.02429
3.8 7.00305
3.9 6.98615
4 6.9844
4.1 7.00776
4.2 7.0301
4.3 7.05185
4.4 7.07587
4.5 7.07767
4.6 7.06916
4.7 7.05017
4.8 7.02489
4.9 7.01559
5 7.01221
5.1 7.0172
5.2 7.02426
5.3 7.0164
5.4 7.00378
5.5 6.98414
5.6 6.9662
5.7 6.96287
5.8 6.96473
5.9 6.97369
6 6.9796
6.1 6.97325
6.2 6.96306
6.3 6.94776
6.4 6.93805
6.5 6.93982
6.6 6.94558
6.7 6.95566
6.8 6.95932
6.9 6.95332
7 6.94409
7.1 6.93223
7.2 6.92792
7.3 6.93213
7.4 6.93935
7.5 6.94799
7.6 6.94877
7.7 6.94241
7.8 6.9336
7.9 6.92474
8 6.92393
8.1 6.92919
8.2 6.93646
8.3 6.94267
8.4 6.94103
8.5 6.93441
8.6 6.92634
8.7 6.92037
8.8 6.92193
8.9 6.92757
9 6.93415
9.1 6.93784
9.2 6.93455
9.3 6.92804
9.4 6.92118
9.5 6.91788
9.6 6.92096
9.7 6.92655
9.8 6.93199
9.9 6.93343
10 6.9292
10.1 6.92316
10.2 6.91781
10.3 6.91678
10.4 6.92072
10.5 6.92592
10.6 6.92995
10.7 6.92958
10.8 6.92497
10.9 6.91965
11 6.91594
11.1 6.91665
11.2 6.9209
11.3 6.92541
11.4 6.92797
11.5 6.92626
11.6 6.92168
11.7 6.91728
11.8 6.91514
11.9 6.91704
12 6.9212
12.1 6.92484
12.2 6.926
12.3 6.92343
12.4 6.91919
12.5 6.91581
12.6 6.91505
12.7 6.91766
12.8 6.92144
12.9 6.9241
13 6.92407
13.1 6.92108
13.2 6.91738
13.3 6.91504
13.4 6.91539
13.5 6.91831
13.6 6.92152
13.7 6.9232
13.8 6.92226
13.9 6.91918
14 6.91616
14.1 6.9148
14.2 6.91597
14.3 6.91887
14.4 6.92141
14.5 6.9222
14.6 6.92063
14.621 6.92007
