0 0
0.1 0.0112246
0.2 0.101834
0.3 0.286542
0.4 0.558645
0.5 0.955184
0.6 1.45186
0.7 2.01348
0.8 2.6439
0.9 3.32068
1 4.04083
1.1 4.83647
1.2 5.6891
1.3 6.59505
1.4 7.5436
1.5 8.49486
1.6 9.44456
1.7 10.3927
1.8 11.3366
1.9 12.2915
2 13.2564
2.1 14.2098
2.2 15.1436
2.3 16.0381
2.4 16.8827
2.5 17.6888
2.6 18.4552
2.7 19.1827
2.8 19.8655
2.9 20.4807
3 21.0105
3.1 21.4458
3.2 21.7813
3.3 22.028
3.4 22.1988
3.5 22.299
3.6 22.3383
3.7 22.3217
3.8 22.2608
3.9 22.1842
4 22.128
4.1 22.1246
4.2 22.1384
4.3 22.158
4.4 22.1873
4.5 22.1777
4.6 22.1345
4.7 22.0945
4.8 22.0581
4.9 22.0526
5 22.0861
5.1 22.1124
5.2 22.1301
5.3 22.1246
5.4 22.0907
5.5 22.0668
5.6 22.0623
5.7 22.0772
5.8 22.1111
5.9 22.1351
6 22.1322
6.1 22.114
6.2 22.0838
6.3 22.0643
6.4 22.0715
6.5 22.091
6.6 22.1138
6.7 22.1239
6.8 22.11
6.9 22.0858
7 22.0665
7.1 22.0611
7.2 22.0771
7.3 22.1008
7.4 22.1149
7.5 22.1146
7.6 22.0974
7.7 22.0763
7.8 22.0674
7.9 22.0737
8 22.0917
8.1 22.1099
8.2 22.1142
8.3 22.1035
8.4 22.0856
8.5 22.0706
8.6 22.0701
8.7 22.0828
8.8 22.099
8.9 22.1092
9 22.1057
9.1 22.0913
9.2 22.0767
9.3 22.0709
9.4 22.0774
9.5 22.0923
9.6 22.1046
9.7 22.1067
9.8 22.0981
9.9 22.0841
10 22.0748
10.1 22.0762
10.2 22.0864
10.3 22.099
10.4 22.1052
10.5 22.101
10.6 22.0899
10.7 22.0792
10.8 22.0759
10.9 22.0822
11 22.0932
11.1 22.1016
11.2 22.1021
11.3 22.0944
11.4 22.0841
11.5 22.0781
11.6 22.0801
11.7 22.0886
11.8 22.0978
11.9 22.1014
12 22.0974
12.1 22.0887
12.2 22.0811
12.3 22.0798
12.4 22.0852
12.5 22.0935
12.6 22.0993
12.7 22.0986
12.8 22.0922
12.9 22.0846
13 22.0808
13.1 22.0832
13.2 22.0899
13.3 22.0964
13.4 22.0984
13.5 22.0947
13.6 22.088
13.7 22.0829
13.8 22.0826
13.9 22.0872
14 22.0935
14.1 22.0972
14.2 22.096
14.3 22.0908
14.4 22.0853
14.477 22.0832
