0 0
0.1 0.00797931
0.2 0.0818101
0.3 0.243685
0.4 0.487122
0.5 0.847219
0.6 1.30532
0.7 1.81737
0.8 2.38107
0.9 2.98157
1 3.60847
1.1 4.29607
1.2 5.04244
1.3 5.83072
1.4 6.65784
1.5 7.48655
1.6 8.29699
1.7 9.09787
1.8 9.88956
1.9 10.6826
2 11.489
2.1 12.2916
2.2 13.0715
2.3 13.8188
2.4 14.5168
2.5 15.1704
2.6 15.7935
2.7 16.3845
2.8 16.9423
2.9 17.4536
3 17.8942
3.1 18.2517
3.2 18.5241
3.3 18.715
3.4 18.8406
3.5 18.9137
3.6 18.9376
3.7 18.9192
3.8 18.8654
3.9 18.7922
4 18.7337
4.1 18.7223
4.2 18.7319
4.3 18.7521
4.4 18.7864
4.5 18.7833
4.6 18.7404
4.7 18.6942
4.8 18.6505
4.9 18.6339
5 18.6627
5.1 18.6963
5.2 18.7174
5.3 18.72
5.4 18.6882
5.5 18.6531
5.6 18.6406
5.7 18.6486
5.8 18.6792
5.9 18.7133
6 18.7216
6.1 18.7062
6.2 18.6782
6.3 18.649
6.4 18.6439
6.5 18.6628
6.6 18.6878
6.7 18.7079
6.8 18.707
6.9 18.684
7 18.6584
7.1 18.6441
7.2 18.6484
7.3 18.6711
7.4 18.6944
7.5 18.7026
7.6 18.6941
7.7 18.6723
7.8 18.6521
7.9 18.6483
8 18.6605
8.1 18.6808
8.2 18.6969
8.3 18.6969
8.4 18.6819
8.5 18.6629
8.6 18.6507
8.7 18.6535
8.8 18.6694
8.9 18.6862
9 18.694
9.1 18.6882
9.2 18.6723
9.3 18.6576
9.4 18.6537
9.5 18.6619
9.6 18.6773
9.7 18.6896
9.8 18.6906
9.9 18.6807
10 18.6665
10.1 18.657
10.2 18.6587
10.3 18.6697
10.4 18.6824
10.5 18.689
10.6 18.6851
10.7 18.6737
10.8 18.6626
10.9 18.6587
11 18.6643
11.1 18.6755
11.2 18.6848
11.3 18.6862
11.4 18.6793
11.5 18.6687
11.6 18.6615
11.7 18.6621
11.8 18.6698
11.9 18.6794
12 18.6847
12.1 18.6823
12.2 18.6742
12.3 18.6658
12.4 18.6625
12.5 18.6662
12.6 18.6743
12.7 18.6814
12.8 18.6829
12.9 18.6782
13 18.6704
13.1 18.6648
13.2 18.6648
13.3 18.6702
13.4 18.6774
13.5 18.6816
13.6 18.6802
13.7 18.6744
13.8 18.6681
13.9 18.6653
14 18.6677
14.0455 18.6701
