0 0
0.1 0.00718832
0.2 0.0854387
0.3 0.278308
0.4 0.582931
0.5 1.03188
0.6 1.61694
0.7 2.27262
0.8 2.96807
0.9 3.69224
1 4.42557
1.1 5.19268
1.2 6.01748
1.3 6.88114
1.4 7.76478
1.5 8.64083
1.6 9.47392
1.7 10.259
1.8 11.0161
1.9 11.762
2 12.5132
2.1 13.2766
2.2 14.033
2.3 14.7654
2.4 15.4683
2.5 16.1438
2.6 16.807
2.7 17.474
2.8 18.143
2.9 18.7948
3 19.4005
3.1 19.9265
3.2 20.3497
3.3 20.6662
3.4 20.8826
3.5 21.0119
3.6 21.0676
3.7 21.0596
3.8 21.0002
3.9 20.9129
4 20.8354
4.1 20.811
4.2 20.8237
4.3 20.8508
4.4 20.8958
4.5 20.9086
4.6 20.8621
4.7 20.7982
4.8 20.7427
4.9 20.7106
5 20.7297
5.1 20.775
5.2 20.8027
5.3 20.8031
5.4 20.77
5.5 20.7158
5.6 20.6788
5.7 20.6775
5.8 20.7023
5.9 20.7385
6 20.7606
6.1 20.7483
6.2 20.7129
6.3 20.6757
6.4 20.6553
6.5 20.6644
6.6 20.695
6.7 20.7233
6.8 20.7319
6.9 20.7165
7 20.685
7.1 20.6582
7.2 20.6528
7.3 20.6689
7.4 20.6954
7.5 20.7151
7.6 20.7144
7.7 20.6945
7.8 20.669
7.9 20.6531
8 20.6565
8.1 20.6767
8.2 20.6999
8.3 20.7119
8.4 20.7066
8.5 20.6882
8.6 20.6693
8.7 20.6622
8.8 20.6707
8.9 20.6888
9 20.7047
9.1 20.7084
9.2 20.6979
9.3 20.6806
9.4 20.6672
9.5 20.6659
9.6 20.6768
9.7 20.6923
9.8 20.7024
9.9 20.701
10 20.6895
10.1 20.6756
10.2 20.6682
10.3 20.6715
10.4 20.6831
10.5 20.6953
10.6 20.7004
10.7 20.6957
10.8 20.6847
10.9 20.6747
11 20.6719
11.1 20.6778
11.2 20.6884
11.3 20.6968
11.4 20.698
11.5 20.6916
11.6 20.682
11.7 20.6755
11.8 20.6761
11.9 20.683
12 20.6916
12.1 20.6966
12.2 20.6949
12.3 20.688
12.4 20.6805
12.5 20.6772
12.6 20.6798
12.7 20.6866
12.8 20.693
12.9 20.6951
13 20.6918
13.1 20.6854
13.2 20.6801
13.3 20.6792
13.4 20.683
13.5 20.6889
13.6 20.6931
13.7 20.6931
13.8 20.689
13.9 20.6836
14 20.6804
14.1 20.6813
14.2 20.6854
14.3 20.6901
14.4 20.6923
14.5 20.6908
14.6 20.6868
14.7 20.6827
14.8 20.6812
14.9 20.6831
15 20.687
15.1 20.6903
15.2 20.691
15.3 20.6888
15.4 20.6851
15.5 20.6824
15.6 20.6823
15.7 20.6847
15.8 20.6879
15.9 20.69
16 20.6896
16.1 20.6871
16.2 20.6842
16.3 20.6826
16.4 20.6834
16.5 20.6858
16.6 20.6883
16.7 20.6893
16.8 20.6882
16.9 20.6858
17 20.6837
17.1 20.6831
17.2 20.6844
17.3 20.6866
17.4 20.6883
17.5 20.6885
17.6 20.687
17.7 20.685
17.8 20.6836
17.9 20.6838
18 20.6852
18.1 20.687
18.2 20.688
18.3 20.6876
18.4 20.6861
18.5 20.6845
18.6 20.6838
18.7 20.6844
18.8 20.6858
18.9 20.6872
19 20.6875
19.1 20.6868
19.2 20.6854
19.3 20.6843
19.4 20.6841
19.5 20.685
19.6 20.6862
19.7 20.6871
19.8 20.687
19.9 20.6861
20 20.685
20.1 20.6843
20.2 20.6845
20.3 20.6854
20.4 20.6864
20.5 20.6868
20.563 20.6867
