0 0
0.1 0.00406095
0.2 0.0383943
0.3 0.110186
0.4 0.221898
0.5 0.391704
0.6 0.600633
0.7 0.837827
0.8 1.09692
0.9 1.35771
1 1.63053
1.1 1.91925
1.2 2.2217
1.3 2.54629
1.4 2.87584
1.5 3.19799
1.6 3.50761
1.7 3.79226
1.8 4.06151
1.9 4.32254
2 4.57586
2.1 4.82802
2.2 5.0685
2.3 5.28864
2.4 5.48736
2.5 5.65959
2.6 5.81405
2.7 5.95843
2.8 6.09234
2.9 6.2177
3 6.32506
3.1 6.40511
3.2 6.45664
3.3 6.47755
3.4 6.4756
3.5 6.46002
3.6 6.43381
3.7 6.40246
3.8 6.36632
3.9 6.3275
4 6.29772
4.1 6.28618
4.2 6.28212
4.3 6.28767
4.4 6.30034
4.5 6.29585
4.6 6.27989
4.7 6.25356
4.8 6.22085
4.9 6.2038
5 6.19821
5.1 6.20188
5.2 6.21087
5.3 6.2065
5.4 6.19277
5.5 6.17337
5.6 6.15263
5.7 6.14632
5.8 6.15067
5.9 6.16076
6 6.17185
6.1 6.17061
6.2 6.16031
6.3 6.14659
6.4 6.13403
6.5 6.13352
6.6 6.14185
6.7 6.15266
6.8 6.16141
6.9 6.15919
7 6.14906
7.1 6.13778
7.2 6.12957
7.3 6.13157
7.4 6.14072
7.5 6.15005
7.6 6.15565
7.7 6.15191
7.8 6.14197
7.9 6.13276
8 6.12784
8.1 6.1315
8.2 6.14049
8.3 6.14803
8.4 6.15096
8.5 6.14617
8.6 6.13696
8.7 6.12985
8.8 6.12761
8.9 6.1323
9 6.1406
9.1 6.14632
9.2 6.1471
9.3 6.14175
9.4 6.13361
9.5 6.12847
9.6 6.1283
9.7 6.1335
9.8 6.14078
9.9 6.14477
10 6.14391
10.1 6.13842
10.2 6.13156
10.3 6.12822
10.4 6.12956
10.5 6.13485
10.6 6.14092
10.7 6.14333
10.8 6.14132
10.9 6.13599
11 6.13045
11.1 6.12863
11.2 6.13096
11.3 6.13599
11.4 6.14076
11.5 6.14183
11.6 6.13907
11.7 6.13416
11.8 6.12993
11.9 6.12934
12 6.13226
12.1 6.13681
12.2 6.14034
12.3 6.14034
12.4 6.13718
12.5 6.13288
12.6 6.12987
12.7 6.13025
12.8 6.13343
12.9 6.13735
13 6.13974
13.1 6.13893
13.2 6.13567
13.3 6.13207
13.4 6.13014
13.5 6.13123
13.6 6.13441
13.7 6.13761
13.8 6.13903
13.9 6.13764
13.9155 6.13724
