0 0
0.1 0.00359578
0.2 0.0478115
0.3 0.153393
0.4 0.323858
0.5 0.586604
0.6 0.920693
0.7 1.29082
0.8 1.685
0.9 2.07598
1 2.46261
1.1 2.86784
1.2 3.29244
1.3 3.73871
1.4 4.19859
1.5 4.63987
1.6 5.04657
1.7 5.41453
1.8 5.74371
1.9 6.05488
2 6.36265
2.1 6.66472
2.2 6.95797
2.3 7.22756
2.4 7.45949
2.5 7.65899
2.6 7.83395
2.7 7.99638
2.8 8.15949
2.9 8.31794
3 8.45955
3.1 8.57181
3.2 8.64048
3.3 8.66625
3.4 8.65983
3.5 8.63163
3.6 8.5946
3.7 8.55398
3.8 8.50859
3.9 8.46314
4 8.42796
4.1 8.42027
4.2 8.4294
4.3 8.44822
4.4 8.47717
4.5 8.47818
4.6 8.44717
4.7 8.40169
4.8 8.34611
4.9 8.30908
5 8.30307
5.1 8.30997
5.2 8.32143
5.3 8.31997
5.4 8.29226
5.5 8.25482
5.6 8.22157
5.7 8.20299
5.8 8.21006
5.9 8.22972
6 8.24418
6.1 8.2462
6.2 8.22868
6.3 8.20091
6.4 8.18157
6.5 8.17667
6.6 8.18865
6.7 8.21031
6.8 8.22381
6.9 8.22279
7 8.2083
7.1 8.1866
7.2 8.17317
7.3 8.1747
7.4 8.18772
7.5 8.20572
7.6 8.21589
7.7 8.21158
7.8 8.19734
7.9 8.18042
8 8.17114
8.1 8.17546
8.2 8.18862
8.3 8.2026
8.4 8.20904
8.5 8.20315
8.6 8.18951
8.7 8.17651
8.8 8.17116
8.9 8.17679
9 8.18915
9.1 8.19985
9.2 8.20284
9.3 8.19617
9.4 8.18391
9.5 8.17403
9.6 8.17193
9.7 8.17835
9.8 8.18927
9.9 8.19738
10 8.19785
10.1 8.19086
10.2 8.1805
10.3 8.17329
10.4 8.17347
10.5 8.18023
10.6 8.18934
10.7 8.19504
10.8 8.19375
10.9 8.1867
11 8.17819
11.1 8.17328
11.2 8.1749
11.3 8.18153
11.4 8.18889
11.5 8.19249
11.6 8.19011
11.7 8.18342
11.8 8.17664
11.9 8.17371
12 8.17624
12.1 8.18241
12.2 8.18819
12.3 8.1901
12.4 8.18707
12.5 8.18105
12.6 8.17583
12.7 8.17445
12.8 8.17752
12.9 8.18298
13 8.18735
13.1 8.18796
13.2 8.1846
13.3 8.1794
13.4 8.17556
13.5 8.17533
13.6 8.17863
13.667 8.18175
