0 0
0.1 0.0127451
0.2 0.137965
0.3 0.415268
0.4 0.79966
0.5 1.32361
0.6 1.99074
0.7 2.68876
0.8 3.39543
0.9 4.14165
1 4.89121
1.1 5.66558
1.2 6.51456
1.3 7.39453
1.4 8.25066
1.5 9.09105
1.6 9.87867
1.7 10.6018
1.8 11.3171
1.9 12.0494
2 12.7795
2.1 13.5204
2.2 14.2564
2.3 14.9453
2.4 15.6043
2.5 16.264
2.6 16.9256
2.7 17.6022
2.8 18.2982
2.9 18.9604
3 19.5497
3.1 20.0516
3.2 20.4446
3.3 20.7274
3.4 20.9293
3.5 21.0536
3.6 21.0948
3.7 21.0708
3.8 20.9959
3.9 20.896
4 20.8352
4.1 20.8682
4.2 20.9251
4.3 20.9691
4.4 21.0303
4.5 21.0385
4.6 20.9518
4.7 20.8798
4.8 20.8513
4.9 20.8404
5 20.893
5.1 20.9708
5.2 20.9811
5.3 20.9415
5.4 20.8945
5.5 20.8265
5.6 20.7971
5.7 20.8404
5.8 20.8925
5.9 20.9168
6 20.9216
6.1 20.876
6.2 20.8016
6.3 20.7702
6.4 20.7812
6.5 20.8112
6.6 20.8581
6.7 20.8821
6.8 20.8475
6.9 20.7957
7 20.757
7.1 20.7376
7.2 20.7589
7.3 20.8099
7.4 20.8372
7.5 20.8295
7.6 20.8003
7.7 20.7533
7.8 20.7208
7.9 20.7323
8 20.7673
8.1 20.7981
8.2 20.8153
8.3 20.7992
8.4 20.7563
8.5 20.7242
8.6 20.7199
8.7 20.7381
8.8 20.7744
8.9 20.804
9 20.8004
9.1 20.7732
9.2 20.7427
9.3 20.7221
9.4 20.7277
9.5 20.7588
9.6 20.7877
9.7 20.7972
9.8 20.7856
9.9 20.7565
10 20.7285
10.1 20.7245
10.2 20.7427
10.3 20.7686
10.4 20.7891
10.5 20.7892
10.6 20.7666
10.7 20.7402
10.8 20.727
10.9 20.7318
11 20.7538
11.1 20.7783
11.2 20.7865
11.3 20.775
11.4 20.7534
11.5 20.7334
11.6 20.7287
11.7 20.7438
11.8 20.7659
11.9 20.7804
12 20.78
12.1 20.764
12.2 20.7426
12.3 20.7319
12.4 20.7376
12.5 20.7544
12.6 20.7726
12.7 20.78
12.8 20.7708
12.9 20.7528
13 20.7382
13.1 20.7352
13.2 20.7461
13.3 20.7639
13.4 20.7757
13.5 20.7742
13.6 20.7617
13.7 20.7457
13.8 20.7368
13.9 20.7415
14 20.7554
14.1 20.7691
14.2 20.7743
14.3 20.7676
14.4 20.7532
14.5 20.7416
14.6 20.7399
14.7 20.7486
14.8 20.762
14.9 20.7714
15 20.7702
15.1 20.7598
15.2 20.7476
15.3 20.7411
15.4 20.7445
15.5 20.7555
15.6 20.7664
15.7 20.77
15.8 20.7646
15.9 20.7536
16 20.7444
16.1 20.7431
16.2 20.7503
16.3 20.7607
16.4 20.7677
16.5 20.7668
16.6 20.7586
16.7 20.7489
16.8 20.7441
16.9 20.7469
17 20.7554
17.1 20.7639
17.2 20.7667
17.3 20.7621
17.4 20.7536
17.5 20.7466
17.6 20.7456
17.7 20.7513
17.8 20.7595
17.9 20.7648
18 20.7639
18.1 20.7575
18.2 20.7499
18.3 20.7462
18.4 20.7486
18.5 20.7553
18.6 20.7618
18.7 20.7639
18.8 20.7603
18.9 20.7535
19 20.7482
19.1 20.7475
19.2 20.752
19.3 20.7584
19.4 20.7625
19.5 20.7617
19.6 20.7567
19.7 20.7508
19.8 20.7479
19.9 20.7499
19.906 20.7501
