0 0
0.1 0.00825892
0.2 0.0590678
0.3 0.156348
0.4 0.301923
0.5 0.512581
0.6 0.765689
0.7 1.05531
0.8 1.37071
0.9 1.69212
1 2.0306
1.1 2.38099
1.2 2.74403
1.3 3.12378
1.4 3.50005
1.5 3.86756
1.6 4.21588
1.7 4.53616
1.8 4.83988
1.9 5.12695
2 5.40336
2.1 5.67258
2.2 5.92332
2.3 6.15531
2.4 6.36391
2.5 6.54892
2.6 6.72151
2.7 6.88304
2.8 7.03752
2.9 7.18297
3 7.30774
3.1 7.40805
3.2 7.47799
3.3 7.51789
3.4 7.53652
3.5 7.53704
3.6 7.52624
3.7 7.50765
3.8 7.48163
3.9 7.45775
4 7.44697
4.1 7.45917
4.2 7.47639
4.3 7.49802
4.4 7.5242
4.5 7.52926
4.6 7.52198
4.7 7.50286
4.8 7.4766
4.9 7.46553
5 7.4625
5.1 7.46803
5.2 7.47624
5.3 7.46991
5.4 7.45654
5.5 7.43683
5.6 7.41817
5.7 7.41445
5.8 7.41847
5.9 7.42867
6 7.43706
6.1 7.43258
6.2 7.42217
6.3 7.40796
6.4 7.39786
6.5 7.40026
6.6 7.40825
6.7 7.41897
6.8 7.42478
6.9 7.41935
7 7.40947
7.1 7.39837
7.2 7.39309
7.3 7.39817
7.4 7.40676
7.5 7.41544
7.6 7.41785
7.7 7.41097
7.8 7.40163
7.9 7.39326
8 7.39149
8.1 7.39797
8.2 7.40596
8.3 7.41219
8.4 7.41173
8.5 7.40415
8.6 7.39599
8.7 7.39031
8.8 7.39127
8.9 7.39829
9 7.40508
9.1 7.4089
9.2 7.40631
9.3 7.39877
9.4 7.3922
9.5 7.38901
9.6 7.39193
9.7 7.39878
9.8 7.40408
9.9 7.40575
10 7.40178
10.1 7.39487
10.2 7.39005
10.3 7.389
10.4 7.39312
10.5 7.39926
10.6 7.40294
10.7 7.40282
10.8 7.39811
10.9 7.39222
11 7.3891
11.1 7.38975
11.2 7.39439
11.3 7.39948
11.4 7.40161
11.5 7.40011
11.6 7.39526
11.7 7.3906
11.8 7.38903
11.9 7.3909
12 7.3955
12.1 7.39937
12.2 7.40012
12.3 7.3977
12.4 7.39314
12.5 7.38977
12.6 7.3895
12.7 7.39211
12.8 7.39628
12.9 7.39891
13 7.39853
13.1 7.39561
13.2 7.39166
13.3 7.38952
13.4 7.39027
13.5 7.39321
13.6 7.3967
13.7 7.39819
13.8 7.39697
13.9 7.39392
14 7.39076
14.1 7.38973
14.2 7.39119
14.3 7.39413
14.3675 7.39609
