0 0
0.1 0.0050012
0.2 0.0561049
0.3 0.169232
0.4 0.340122
0.5 0.592962
0.6 0.902451
0.7 1.23309
0.8 1.57601
0.9 1.90812
1 2.23184
1.1 2.57163
1.2 2.92753
1.3 3.29946
1.4 3.67875
1.5 4.03353
1.6 4.35137
1.7 4.63231
1.8 4.87857
1.9 5.1131
2 5.34793
2.1 5.57819
2.2 5.79992
2.3 5.99604
2.4 6.15568
2.5 6.28638
2.6 6.39624
2.7 6.49918
2.8 6.60508
2.9 6.70605
3 6.78997
3.1 6.84336
3.2 6.85571
3.3 6.83186
3.4 6.78429
3.5 6.72558
3.6 6.66738
3.7 6.61242
3.8 6.55869
3.9 6.51004
4 6.47722
4.1 6.47687
4.2 6.4914
4.3 6.5131
4.4 6.54522
4.5 6.5482
4.6 6.52002
4.7 6.48033
4.8 6.43291
4.9 6.40561
5 6.40968
5.1 6.42418
5.2 6.44018
5.3 6.44133
5.4 6.41469
5.5 6.37984
5.6 6.351
5.7 6.33755
5.8 6.35037
5.9 6.37294
6 6.38763
6.1 6.38818
6.2 6.36761
6.3 6.33902
6.4 6.32091
6.5 6.31839
6.6 6.33385
6.7 6.35644
6.8 6.36843
6.9 6.36458
7 6.34628
7.1 6.32305
7.2 6.31069
7.3 6.3146
7.4 6.33064
7.5 6.34967
7.6 6.35817
7.7 6.35088
7.8 6.33349
7.9 6.31528
8 6.30747
8.1 6.31469
8.2 6.33049
8.3 6.34536
8.4 6.34999
8.5 6.34084
8.6 6.3245
8.7 6.31063
8.8 6.30696
8.9 6.31577
9 6.33052
9.1 6.34169
9.2 6.34278
9.3 6.33283
9.4 6.3182
9.5 6.30802
9.6 6.30778
9.7 6.31726
9.8 6.33023
9.9 6.33819
10 6.33649
10.1 6.32634
10.2 6.31389
10.3 6.3069
10.4 6.30919
10.5 6.31881
10.6 6.32966
10.7 6.33481
10.8 6.33119
10.9 6.32132
11 6.31121
11.1 6.30698
11.2 6.31094
11.3 6.32018
11.4 6.32883
11.5 6.33154
11.6 6.32671
11.7 6.31752
11.8 6.30965
11.9 6.30772
12 6.31268
12.1 6.32113
12.2 6.3277
12.3 6.32841
12.4 6.32293
12.5 6.31475
12.6 6.30894
12.7 6.30886
12.8 6.31429
12.9 6.32169
13 6.32637
13.1 6.32554
13.2 6.31985
13.3 6.31287
13.4 6.30889
13.5 6.31017
13.6 6.31569
13.7 6.32189
13.8 6.3249
13.8775 6.32383
