0 0
0.1 0.0118148
0.2 0.106805
0.3 0.297596
0.4 0.568283
0.5 0.947352
0.6 1.4045
0.7 1.8936
0.8 2.41095
0.9 2.93225
1 3.45351
1.1 4.00642
1.2 4.57824
1.3 5.16455
1.4 5.75344
1.5 6.30758
1.6 6.82057
1.7 7.29633
1.8 7.74094
1.9 8.17708
2 8.61293
2.1 9.03774
2.2 9.44572
2.3 9.82318
2.4 10.1663
2.5 10.4909
2.6 10.8082
2.7 11.1285
2.8 11.4529
2.9 11.7637
3 12.0419
3.1 12.2731
3.2 12.4487
3.3 12.5749
3.4 12.6613
3.5 12.7132
3.6 12.7347
3.7 12.7257
3.8 12.691
3.9 12.6499
4 12.6332
4.1 12.6691
4.2 12.7142
4.3 12.7565
4.4 12.8028
4.5 12.8038
4.6 12.7622
4.7 12.7173
4.8 12.6729
4.9 12.6594
5 12.6877
5.1 12.7142
5.2 12.7312
5.3 12.7217
5.4 12.6788
5.5 12.639
5.6 12.6186
5.7 12.6229
5.8 12.6527
5.9 12.6795
6 12.6818
6.1 12.6623
6.2 12.6253
6.3 12.5945
6.4 12.5902
6.5 12.6068
6.6 12.6343
6.7 12.6531
6.8 12.6467
6.9 12.6214
7 12.5922
7.1 12.5748
7.2 12.5814
7.3 12.6046
7.4 12.6273
7.5 12.636
7.6 12.6231
7.7 12.5974
7.8 12.5761
7.9 12.5709
8 12.5847
8.1 12.6079
8.2 12.6238
8.3 12.6228
8.4 12.6057
8.5 12.5831
8.6 12.5699
8.7 12.5738
8.8 12.591
8.9 12.6103
9 12.6185
9.1 12.6106
9.2 12.5923
9.3 12.5752
9.4 12.5703
9.5 12.5804
9.6 12.598
9.7 12.6117
9.8 12.6128
9.9 12.6006
10 12.5836
10.1 12.5727
10.2 12.5744
10.3 12.5872
10.4 12.6024
10.5 12.6098
10.6 12.6049
10.7 12.5912
10.8 12.5775
10.9 12.5727
11 12.5793
11.1 12.5925
11.2 12.6037
11.3 12.6055
11.4 12.597
11.5 12.5839
11.6 12.5748
11.7 12.5752
11.8 12.5845
11.9 12.5963
12 12.6029
12.1 12.6001
12.2 12.59
12.3 12.5792
12.4 12.5747
12.5 12.579
12.6 12.589
12.7 12.598
12.8 12.6002
12.9 12.5943
13 12.5844
13.1 12.5769
13.2 12.5764
13.3 12.5831
13.4 12.5922
13.5 12.5978
13.6 12.5964
13.7 12.589
13.8 12.5806
13.9 12.5765
14 12.5792
14.1 12.5867
14.199 12.5938
