0 0
0.1 0.01464
0.2 0.0941777
0.3 0.229228
0.4 0.417283
0.5 0.676337
0.6 0.966932
0.7 1.29001
0.8 1.62923
0.9 1.96541
1 2.31782
1.1 2.67513
1.2 3.04247
1.3 3.42078
1.4 3.78667
1.5 4.13833
1.6 4.46595
1.7 4.76483
1.8 5.05141
1.9 5.32696
2 5.59629
2.1 5.8641
2.2 6.11478
2.3 6.34971
2.4 6.56814
2.5 6.76721
2.6 6.96473
2.7 7.15662
2.8 7.34308
2.9 7.52315
3 7.67547
3.1 7.80235
3.2 7.89656
3.3 7.95716
3.4 7.99988
3.5 8.01932
3.6 8.02559
3.7 8.02149
3.8 8.00454
3.9 7.99522
4 8.00435
4.1 8.04249
4.2 8.07546
4.3 8.10532
4.4 8.1364
4.5 8.13388
4.6 8.12128
4.7 8.09712
4.8 8.06964
4.9 8.06526
5 8.06742
5.1 8.0772
5.2 8.08494
5.3 8.07264
5.4 8.05328
5.5 8.03068
5.6 8.01266
5.7 8.01432
5.8 8.02327
5.9 8.03269
6 8.0381
6.1 8.02473
6.2 8.00751
6.3 7.99261
6.4 7.98269
6.5 7.99205
6.6 8.00228
6.7 8.0105
6.8 8.0131
6.9 7.99803
7 7.98569
7.1 7.97509
7.2 7.97239
7.3 7.9852
7.4 7.99352
7.5 8.00065
7.6 7.99821
7.7 7.98373
7.8 7.97469
7.9 7.96745
8 7.97087
8.1 7.98305
8.2 7.98975
8.3 7.99366
8.4 7.98721
8.5 7.97479
8.6 7.9679
8.7 7.96495
8.8 7.97134
8.9 7.98181
9 7.98651
9.1 7.98663
9.2 7.97876
9.3 7.96818
9.4 7.96401
9.5 7.96451
9.6 7.97187
9.7 7.98074
9.8 7.98257
9.9 7.98023
10 7.97191
10.1 7.96348
10.2 7.96243
10.3 7.96491
10.4 7.97272
10.5 7.97918
10.6 7.97844
10.7 7.97479
10.8 7.96655
10.9 7.96108
11 7.96223
11.1 7.96594
11.2 7.97335
11.3 7.97693
11.4 7.97465
11.5 7.97006
11.6 7.96288
11.7 7.96021
11.8 7.9627
11.9 7.96724
12 7.97325
12.1 7.97446
12.2 7.97112
12.3 7.96617
12.4 7.96077
12.5 7.96024
12.6 7.96373
12.7 7.96828
12.8 7.9725
12.9 7.97191
13 7.96787
13.1 7.96337
13.2 7.95978
13.3 7.96092
13.4 7.9649
13.5 7.96877
13.6 7.97134
13.7 7.96932
13.8 7.96516
13.9 7.96156
14 7.95959
14.1 7.962
14.2 7.96584
14.3 7.9688
14.4 7.96985
14.5 7.96687
14.598 7.96321
