0 0
0.1 0.000818289
0.2 0.035638
0.3 0.139675
0.4 0.331697
0.5 0.641426
0.6 1.0487
0.7 1.5004
0.8 1.96292
0.9 2.40253
1 2.81121
1.1 3.22094
1.2 3.65357
1.3 4.11918
1.4 4.61554
1.5 5.1075
1.6 5.55935
1.7 5.95497
1.8 6.29045
1.9 6.5867
2 6.87551
2.1 7.17234
2.2 7.47955
2.3 7.78408
2.4 8.06055
2.5 8.29493
2.6 8.48832
2.7 8.65252
2.8 8.80848
2.9 8.96965
3 9.13239
3.1 9.28157
3.2 9.39456
3.3 9.4526
3.4 9.45322
3.5 9.40808
3.6 9.33812
3.7 9.26649
3.8 9.20841
3.9 9.17103
4 9.15972
4.1 9.18317
4.2 9.22525
4.3 9.26739
4.4 9.3014
4.5 9.29438
4.6 9.24675
4.7 9.18711
4.8 9.12964
4.9 9.09793
5 9.1027
5.1 9.12051
5.2 9.13326
5.3 9.12642
5.4 9.08864
5.5 9.03617
5.6 8.99057
5.7 8.96354
5.8 8.96375
5.9 8.98174
6 8.99625
6.1 8.99529
6.2 8.97333
6.3 8.93595
6.4 8.90166
6.5 8.88355
6.6 8.88546
6.7 8.90305
6.8 8.92132
6.9 8.92653
7 8.915
7.1 8.89072
7.2 8.86561
7.3 8.85266
7.4 8.856
7.5 8.87163
7.6 8.88956
7.7 8.89806
7.8 8.89232
7.9 8.87592
8 8.8575
8.1 8.84726
8.2 8.85028
8.3 8.86358
8.4 8.87934
8.5 8.88858
8.6 8.88616
8.7 8.87423
8.8 8.85978
8.9 8.85074
9 8.85197
9.1 8.86205
9.2 8.87473
9.3 8.8829
9.4 8.88202
9.5 8.8729
9.6 8.86103
9.7 8.85287
9.8 8.85263
9.9 8.85994
10 8.8701
10.1 8.87719
10.2 8.87736
10.3 8.87065
10.4 8.86105
10.5 8.85393
10.6 8.85292
10.7 8.85816
10.8 8.86631
10.9 8.87251
11 8.87335
11.1 8.86855
11.2 8.86092
11.3 8.85477
11.4 8.85333
11.5 8.85703
11.6 8.86347
11.7 8.86883
11.8 8.87009
11.9 8.8667
12 8.86071
12.1 8.85547
12.2 8.8538
12.3 8.85635
12.4 8.8614
12.5 8.86595
12.6 8.86744
12.7 8.86513
12.8 8.86044
12.9 8.85605
13 8.8543
13.1 8.85598
13.2 8.85992
13.3 8.86374
13.4 8.86529
13.5 8.86378
13.6 8.86016
13.7 8.8565
13.8 8.85479
13.9 8.85583
14 8.85886
14.1 8.86204
14.2 8.86357
14.3 8.86263
14.4 8.85986
14.5 8.85684
14.6 8.85523
14.7 8.85582
14.8 8.85812
14.9 8.86074
15 8.86217
15.1 8.86166
15.2 8.85956
15.3 8.85709
15.4 8.85561
15.5 8.85587
15.553 8.85665
