0 0
0.1 0.00381643
0.2 0.0664803
0.3 0.247945
0.4 0.565688
0.5 1.05188
0.6 1.70365
0.7 2.44965
0.8 3.22752
0.9 4.01228
1 4.79071
1.1 5.57875
1.2 6.4169
1.3 7.31587
1.4 8.25228
1.5 9.19521
1.6 10.105
1.7 10.9523
1.8 11.7444
1.9 12.5095
2 13.276
2.1 14.0648
2.2 14.8775
2.3 15.6951
2.4 16.4947
2.5 17.2658
2.6 18.0102
2.7 18.7392
2.8 19.4649
2.9 20.1831
3 20.8689
3.1 21.4853
3.2 21.9932
3.3 22.366
3.4 22.5993
3.5 22.7095
3.6 22.7253
3.7 22.6777
3.8 22.595
3.9 22.5017
4 22.4257
4.1 22.4014
4.2 22.4177
4.3 22.4455
4.4 22.4823
4.5 22.4894
4.6 22.4372
4.7 22.359
4.8 22.2919
4.9 22.2514
5 22.2539
5.1 22.2921
5.2 22.3256
5.3 22.3283
5.4 22.2997
5.5 22.2468
5.6 22.1941
5.7 22.1706
5.8 22.1803
5.9 22.2087
6 22.2363
6.1 22.2429
6.2 22.2206
6.3 22.1817
6.4 22.1474
6.5 22.1326
6.6 22.1422
6.7 22.1674
6.8 22.1893
6.9 22.1931
7 22.1769
7.1 22.149
7.2 22.1251
7.3 22.1186
7.4 22.1319
7.5 22.1559
7.6 22.1767
7.7 22.1828
7.8 22.1716
7.9 22.1505
8 22.132
8.1 22.1259
8.2 22.1341
8.3 22.1504
8.4 22.1641
8.5 22.1668
8.6 22.1573
8.7 22.1414
8.8 22.1283
8.9 22.1252
9 22.133
9.1 22.1463
9.2 22.1572
9.3 22.1595
9.4 22.1525
9.5 22.1409
9.6 22.1319
9.7 22.1307
9.8 22.1375
9.9 22.1483
10 22.1567
10.1 22.1583
10.2 22.153
10.3 22.1445
10.4 22.1381
10.5 22.1377
10.6 22.1433
10.7 22.1516
10.8 22.1577
10.9 22.1587
11 22.1543
11.1 22.1477
11.2 22.143
11.3 22.1428
11.4 22.1472
11.5 22.1533
11.6 22.1577
11.7 22.158
11.8 22.1544
11.9 22.1493
12 22.1457
12.1 22.1457
12.2 22.149
12.3 22.1536
12.4 22.1567
12.5 22.1567
12.6 22.1537
12.7 22.1497
12.8 22.1471
12.9 22.1472
13 22.1497
13.1 22.1532
13.2 22.1554
13.3 22.1552
13.4 22.1528
13.5 22.1498
13.6 22.1478
13.7 22.148
13.8 22.15
13.9 22.1526
14 22.1542
14.1 22.1539
14.2 22.152
14.3 22.1497
14.4 22.1483
14.5 22.1485
14.6 22.1501
14.7 22.1521
14.8 22.1532
14.9 22.1529
15 22.1515
15.1 22.1497
15.2 22.1487
15.3 22.1489
15.4 22.1501
15.5 22.1516
15.6 22.1524
15.7 22.1522
15.8 22.151
15.9 22.1497
16 22.1489
16.1 22.1491
16.2 22.1501
16.3 22.1512
16.4 22.1518
16.5 22.1515
16.6 22.1506
16.7 22.1496
16.8 22.1491
16.9 22.1493
17 22.1501
17.1 22.1509
17.2 22.1513
17.3 22.1511
17.4 22.1504
17.5 22.1496
17.6 22.1492
17.7 22.1494
17.8 22.15
17.9 22.1506
18 22.1509
18.1 22.1507
18.2 22.1501
18.3 22.1495
18.4 22.1493
18.5 22.1494
18.6 22.1499
18.7 22.1503
18.8 22.1505
18.9 22.1504
19 22.1499
19.1 22.1495
19.2 22.1493
19.3 22.1494
19.4 22.1498
19.5 22.1501
19.6 22.1503
19.7 22.1501
19.8 22.1498
19.9 22.1494
20 22.1493
20.1 22.1494
20.2 22.1497
20.3 22.15
20.4 22.15
20.5 22.1499
20.6 22.1497
20.7 22.1494
20.8 22.1493
20.9 22.1494
21 22.1496
21.1 22.1498
21.2 22.1499
21.3 22.1498
21.4 22.1496
21.4365 22.1495
