0 0
0.1 0.00600076
0.2 0.0855503
0.3 0.306359
0.4 0.677297
0.5 1.22265
0.6 1.94304
0.7 2.76403
0.8 3.61344
0.9 4.47448
1 5.34329
1.1 6.2345
1.2 7.18728
1.3 8.21062
1.4 9.27245
1.5 10.3314
1.6 11.3526
1.7 12.3146
1.8 13.2289
1.9 14.133
2 15.0566
2.1 16.012
2.2 16.9929
2.3 17.9767
2.4 18.9417
2.5 19.8826
2.6 20.8108
2.7 21.7403
2.8 22.6754
2.9 23.5996
3 24.4725
3.1 25.2442
3.2 25.8723
3.3 26.3355
3.4 26.6374
3.5 26.8015
3.6 26.8593
3.7 26.8397
3.8 26.7681
3.9 26.671
4 26.5849
4.1 26.556
4.2 26.5735
4.3 26.6047
4.4 26.6513
4.5 26.6747
4.6 26.6328
4.7 26.5561
4.8 26.4942
4.9 26.4621
5 26.4735
5.1 26.5236
5.2 26.5683
5.3 26.5743
5.4 26.542
5.5 26.4872
5.6 26.4354
5.7 26.4161
5.8 26.436
5.9 26.473
6 26.5012
6.1 26.5019
6.2 26.4707
6.3 26.4243
6.4 26.3891
6.5 26.3819
6.6 26.4012
6.7 26.4322
6.8 26.453
6.9 26.4483
7 26.4204
7.1 26.3848
7.2 26.3603
7.3 26.3584
7.4 26.3773
7.5 26.4029
7.6 26.4186
7.7 26.416
7.8 26.3978
7.9 26.3765
8 26.3657
8.1 26.3719
8.2 26.3907
8.3 26.4102
8.4 26.4188
8.5 26.4117
8.6 26.3936
8.7 26.3756
8.8 26.3678
8.9 26.3738
9 26.3887
9.1 26.4026
9.2 26.4069
9.3 26.3992
9.4 26.3847
9.5 26.3721
9.6 26.3687
9.7 26.3759
9.8 26.3887
9.9 26.3991
10 26.4009
10.1 26.3938
10.2 26.3824
10.3 26.3741
10.4 26.3736
10.5 26.381
10.6 26.3915
10.7 26.3989
10.8 26.399
10.9 26.3925
11 26.3839
11.1 26.3786
11.2 26.3798
11.3 26.3867
11.4 26.395
11.5 26.3998
11.6 26.3988
11.7 26.393
11.8 26.3865
11.9 26.3833
12 26.3854
12.1 26.3913
12.2 26.3975
12.3 26.4005
12.4 26.3987
12.5 26.3937
12.6 26.3888
12.7 26.3871
12.8 26.3894
12.9 26.3943
13 26.3988
13.1 26.4003
13.2 26.3981
13.3 26.3939
13.4 26.3903
13.5 26.3895
13.6 26.3918
13.7 26.3958
13.8 26.3988
13.9 26.3993
14 26.3971
14.1 26.3937
14.2 26.3911
14.3 26.391
14.4 26.3932
14.5 26.3962
14.6 26.3983
14.7 26.3982
14.8 26.3961
14.9 26.3934
15 26.3917
15.1 26.392
15.2 26.3939
15.3 26.3963
15.4 26.3976
15.5 26.3971
15.6 26.3952
15.7 26.3932
15.8 26.3921
15.9 26.3927
16 26.3944
16.1 26.3961
16.2 26.3969
16.3 26.3962
16.4 26.3946
16.5 26.3931
16.6 26.3925
16.7 26.3932
16.8 26.3946
16.9 26.3959
17 26.3962
17.1 26.3955
17.2 26.3942
17.3 26.3931
17.4 26.3929
17.5 26.3935
17.6 26.3947
17.7 26.3956
17.8 26.3957
17.9 26.395
18 26.394
18.1 26.3932
18.2 26.3931
18.3 26.3938
18.4 26.3947
18.5 26.3953
18.6 26.3952
18.7 26.3946
18.8 26.3938
18.9 26.3933
19 26.3933
19.1 26.3939
19.2 26.3946
19.3 26.395
19.4 26.3948
19.5 26.3943
19.6 26.3937
19.7 26.3933
19.8 26.3935
19.9 26.394
20 26.3945
20.1 26.3947
20.2 26.3945
20.3 26.394
20.4 26.3936
20.5 26.3934
20.6 26.3936
20.7 26.394
20.8 26.3944
20.9 26.3945
21 26.3943
21.1 26.3939
21.2 26.3935
21.3 26.3934
21.4 26.3936
21.5 26.394
21.6 26.3942
21.7 26.3943
21.8 26.394
21.9 26.3937
22 26.3935
22.1 26.3935
22.2 26.3937
22.3 26.3939
22.4 26.3941
22.5 26.3941
22.6 26.3939
22.7 26.3936
22.8 26.3935
22.82 26.3935
