0 0
0.1 0.00866855
0.2 0.0662752
0.3 0.176086
0.4 0.338885
0.5 0.575927
0.6 0.860568
0.7 1.18554
0.8 1.54215
0.9 1.90945
1 2.30105
1.1 2.7164
1.2 3.15329
1.3 3.61655
1.4 4.08513
1.5 4.54709
1.6 4.99651
1.7 5.42247
1.8 5.83571
1.9 6.24194
2 6.63892
2.1 7.0309
2.2 7.40423
2.3 7.75059
2.4 8.07169
2.5 8.3629
2.6 8.63602
2.7 8.89674
2.8 9.14061
2.9 9.36852
3 9.56599
3.1 9.72519
3.2 9.84705
3.3 9.92869
3.4 9.98148
3.5 10.0113
3.6 10.0192
3.7 10.0122
3.8 9.98982
3.9 9.96219
4 9.94841
4.1 9.95911
4.2 9.97409
4.3 9.995
4.4 10.0188
4.5 10.0168
4.6 10.0006
4.7 9.97286
4.8 9.94233
4.9 9.93266
5 9.93603
5.1 9.94784
5.2 9.95989
5.3 9.95418
5.4 9.93762
5.5 9.91794
5.6 9.90214
5.7 9.90461
5.8 9.91824
5.9 9.933
6 9.94327
6.1 9.93679
6.2 9.92135
6.3 9.90752
6.4 9.89943
6.5 9.90719
6.6 9.92176
6.7 9.9329
6.8 9.93741
6.9 9.92733
7 9.9127
7.1 9.90281
7.2 9.90033
7.3 9.91084
7.4 9.92388
7.5 9.93127
7.6 9.93081
7.7 9.91933
7.8 9.90712
7.9 9.90139
8 9.90368
8.1 9.915
8.2 9.92563
8.3 9.92917
8.4 9.92495
8.5 9.91368
8.6 9.90431
8.7 9.90251
8.8 9.90787
8.9 9.91849
9 9.92617
9.1 9.92611
9.2 9.91971
9.3 9.90969
9.4 9.90349
9.5 9.90499
9.6 9.91186
9.7 9.92091
9.8 9.92544
9.9 9.92258
10 9.91537
10.1 9.90729
10.2 9.90426
10.3 9.90812
10.4 9.91532
10.5 9.92228
10.6 9.92388
10.7 9.91925
10.8 9.91225
10.9 9.90648
11 9.90618
11.1 9.91135
11.2 9.91796
11.3 9.92252
11.4 9.92169
11.5 9.91618
11.6 9.91011
11.7 9.90671
11.8 9.90847
11.9 9.91409
12 9.91947
12.1 9.92173
12.2 9.91919
12.3 9.91361
12.4 9.90896
12.5 9.90772
12.6 9.91084
12.7 9.91621
12.8 9.92005
12.9 9.92034
13 9.91679
13.1 9.91174
13.2 9.90872
13.3 9.90923
13.4 9.91303
13.5 9.91763
13.57 9.91952
