0 0
0.1 0.00903431
0.2 0.106457
0.3 0.351612
0.4 0.742238
0.5 1.31475
0.6 2.07963
0.7 2.96875
0.8 3.94265
0.9 5.00337
1 6.13275
1.1 7.3452
1.2 8.66826
1.3 10.0854
1.4 11.5585
1.5 13.0608
1.6 14.5615
1.7 16.0443
1.8 17.5306
1.9 19.0387
2 20.5733
2.1 22.131
2.2 23.6946
2.3 25.2387
2.4 26.7549
2.5 28.2497
2.6 29.7284
2.7 31.1936
2.8 32.6297
2.9 33.9984
3 35.2513
3.1 36.3464
3.2 37.2554
3.3 37.9694
3.4 38.4979
3.5 38.8557
3.6 39.0596
3.7 39.1304
3.8 39.0965
3.9 39.0006
4 38.9036
4.1 38.8697
4.2 38.8829
4.3 38.9116
4.4 38.9621
4.5 38.9845
4.6 38.9378
4.7 38.8709
4.8 38.8242
4.9 38.8027
5 38.8297
5.1 38.8852
5.2 38.9167
5.3 38.9078
5.4 38.871
5.5 38.82
5.6 38.7876
5.7 38.7989
5.8 38.8357
5.9 38.8716
6 38.8866
6.1 38.8685
6.2 38.8276
6.3 38.7946
6.4 38.7884
6.5 38.8084
6.6 38.8428
6.7 38.8674
6.8 38.8651
6.9 38.8398
7 38.8093
7.1 38.7917
7.2 38.798
7.3 38.8232
7.4 38.8481
7.5 38.8567
7.6 38.8441
7.7 38.8189
7.8 38.7978
7.9 38.7949
8 38.8113
8.1 38.8357
8.2 38.8533
8.3 38.8535
8.4 38.8378
8.5 38.8179
8.6 38.8072
8.7 38.8121
8.8 38.8286
8.9 38.8454
9 38.8513
9.1 38.8429
9.2 38.8262
9.3 38.8121
9.4 38.8094
9.5 38.8191
9.6 38.8341
9.7 38.8444
9.8 38.8437
9.9 38.8331
10 38.8201
10.1 38.8134
10.2 38.8171
10.3 38.8285
10.4 38.84
10.5 38.8444
10.6 38.8396
10.7 38.8294
10.8 38.8209
10.9 38.8198
11 38.8266
11.1 38.8368
11.2 38.8437
11.3 38.8434
11.4 38.8366
11.5 38.8283
11.6 38.824
11.7 38.8264
11.8 38.8338
11.9 38.8411
12 38.8438
12.1 38.8405
12.2 38.8337
12.3 38.828
12.4 38.8272
12.5 38.8314
12.6 38.8378
12.7 38.8421
12.8 38.8417
12.9 38.8371
13 38.8315
13.1 38.8286
13.2 38.8301
13.3 38.8347
13.4 38.8394
13.5 38.841
13.6 38.8387
13.7 38.8342
13.8 38.8304
13.9 38.8298
14 38.8325
14.1 38.8366
14.2 38.8393
14.3 38.839
14.4 38.8359
14.5 38.8322
14.6 38.8303
14.7 38.8313
14.8 38.8343
14.9 38.8373
15 38.8383
15.1 38.8368
15.2 38.8338
15.3 38.8314
15.4 38.831
15.5 38.8327
15.6 38.8354
15.7 38.8371
15.8 38.8369
15.9 38.8349
16 38.8325
16.1 38.8313
16.2 38.8319
16.3 38.8339
16.4 38.8358
16.5 38.8365
16.6 38.8355
16.7 38.8336
16.8 38.832
16.9 38.8318
17 38.8329
17.1 38.8347
17.2 38.8358
17.3 38.8356
17.4 38.8343
17.5 38.8328
17.6 38.832
17.7 38.8324
17.8 38.8337
17.9 38.835
18 38.8354
18.1 38.8348
18.2 38.8335
18.3 38.8325
18.4 38.8323
18.5 38.8331
18.6 38.8342
18.7 38.835
18.8 38.8349
18.9 38.834
18.9205 38.8338
