0 0
0.1 0.00284834
0.2 0.0395156
0.3 0.126573
0.4 0.268627
0.5 0.490337
0.6 0.772073
0.7 1.0871
0.8 1.42644
0.9 1.76432
1 2.10382
1.1 2.46298
1.2 2.8393
1.3 3.23898
1.4 3.65154
1.5 4.04832
1.6 4.42014
1.7 4.75836
1.8 5.06382
1.9 5.35668
2 5.64344
2.1 5.92489
2.2 6.19875
2.3 6.4477
2.4 6.6641
2.5 6.85097
2.6 7.01229
2.7 7.16257
2.8 7.31019
2.9 7.45007
3 7.57538
3.1 7.67255
3.2 7.73082
3.3 7.75324
3.4 7.74636
3.5 7.72118
3.6 7.68959
3.7 7.65371
3.8 7.61448
3.9 7.57537
4 7.54329
4.1 7.53482
4.2 7.54042
4.3 7.55465
4.4 7.57864
4.5 7.57768
4.6 7.55071
4.7 7.51158
4.8 7.46158
4.9 7.42878
5 7.42098
5.1 7.42253
5.2 7.43056
5.3 7.42597
5.4 7.39922
5.5 7.3667
5.6 7.33511
5.7 7.31708
5.8 7.32223
5.9 7.33555
6 7.34697
6.1 7.34824
6.2 7.33112
6.3 7.30798
6.4 7.29092
6.5 7.28509
6.6 7.29601
6.7 7.31351
6.8 7.32429
6.9 7.32448
7 7.31132
7.1 7.29278
7.2 7.28205
7.3 7.28232
7.4 7.29368
7.5 7.30948
7.6 7.31745
7.7 7.31444
7.8 7.30246
7.9 7.28738
8 7.27999
8.1 7.28347
8.2 7.2943
8.3 7.3069
8.4 7.31216
8.5 7.30699
8.6 7.29578
8.7 7.28413
8.8 7.27947
8.9 7.28463
9 7.29483
9.1 7.30434
9.2 7.3072
9.3 7.30112
9.4 7.2909
9.5 7.28236
9.6 7.28021
9.7 7.28613
9.8 7.29547
9.9 7.30242
10 7.30323
10.1 7.29695
10.2 7.28796
10.3 7.28188
10.4 7.28173
10.5 7.28771
10.6 7.29577
10.7 7.30057
10.8 7.29969
10.9 7.29355
11 7.28597
11.1 7.28184
11.2 7.28314
11.3 7.2889
11.4 7.29552
11.5 7.29863
11.6 7.2966
11.7 7.29085
11.8 7.28478
11.9 7.28224
12 7.28449
12.1 7.28985
12.2 7.29504
12.3 7.29678
12.4 7.29409
12.5 7.28887
12.6 7.28422
12.7 7.28295
12.8 7.28572
12.9 7.29053
13 7.29442
13.1 7.29505
13.2 7.29206
13.3 7.28748
13.4 7.28408
13.5 7.28382
13.6 7.28677
13.7 7.29093
13.8 7.29371
13.866 7.29393
