0 0
0.1 0.00952458
0.2 0.117811
0.3 0.398423
0.4 0.838684
0.5 1.45293
0.6 2.24767
0.7 3.13868
0.8 4.05076
0.9 4.98392
1 5.94306
1.1 6.94208
1.2 8.01326
1.3 9.15935
1.4 10.3319
1.5 11.4844
1.6 12.5916
1.7 13.6448
1.8 14.6675
1.9 15.7013
2 16.7719
2.1 17.8749
2.2 18.9929
2.3 20.1023
2.4 21.1892
2.5 22.2628
2.6 23.3454
2.7 24.45
2.8 25.5658
2.9 26.6556
3 27.6617
3.1 28.5275
3.2 29.2177
3.3 29.7254
3.4 30.0667
3.5 30.2685
3.6 30.3571
3.7 30.3524
3.8 30.276
3.9 30.162
4 30.0642
4.1 30.0454
4.2 30.0835
4.3 30.1308
4.4 30.1936
4.5 30.2289
4.6 30.1802
4.7 30.093
4.8 30.0361
4.9 30.021
5 30.0553
5.1 30.1264
5.2 30.179
5.3 30.171
5.4 30.1172
5.5 30.0494
5.6 30
5.7 29.9991
5.8 30.0427
5.9 30.0925
6 30.1113
6.1 30.0874
6.2 30.0302
6.3 29.9713
6.4 29.9449
6.5 29.9613
6.6 30.0024
6.7 30.0377
6.8 30.0423
6.9 30.0096
7 29.9588
7.1 29.9199
7.2 29.9132
7.3 29.938
7.4 29.9744
7.5 29.996
7.6 29.9863
7.7 29.9504
7.8 29.9099
7.9 29.8885
8 29.8977
8.1 29.9299
8.2 29.9634
8.3 29.9774
8.4 29.9645
8.5 29.9344
8.6 29.9074
8.7 29.9004
8.8 29.9171
8.9 29.9458
9 29.9676
9.1 29.969
9.2 29.9496
9.3 29.9223
9.4 29.9042
9.5 29.9058
9.6 29.9247
9.7 29.9479
9.8 29.9602
9.9 29.9541
10 29.934
10.1 29.913
10.2 29.9042
10.3 29.9124
10.4 29.9315
10.5 29.9489
10.6 29.9537
10.7 29.9433
10.8 29.9251
10.9 29.9108
11 29.9093
11.1 29.921
11.2 29.9379
11.3 29.9492
11.4 29.9482
11.5 29.9361
11.6 29.9211
11.7 29.913
11.8 29.9167
11.9 29.9293
12 29.9426
12.1 29.9484
12.2 29.9435
12.3 29.9315
12.4 29.9206
12.5 29.9176
12.6 29.9242
12.7 29.936
12.8 29.9453
12.9 29.9467
13 29.9396
13.1 29.9291
13.2 29.9222
13.3 29.923
13.4 29.9309
13.5 29.9407
13.6 29.9462
13.7 29.9443
13.8 29.9366
13.9 29.9283
14 29.9249
14.1 29.9282
14.2 29.936
14.3 29.9432
14.4 29.9454
14.5 29.9415
14.6 29.9343
14.7 29.9285
14.8 29.9278
14.9 29.9325
15 29.9393
15.1 29.9439
15.2 29.9436
15.3 29.9388
15.4 29.9328
15.5 29.9294
15.6 29.9306
15.7 29.9356
15.8 29.941
15.9 29.9433
16 29.9414
16.1 29.9365
16.2 29.932
16.3 29.9306
16.4 29.9331
16.5 29.9377
16.6 29.9414
16.7 29.942
16.8 29.9391
16.9 29.9348
17 29.9319
17.1 29.932
17.2 29.9351
17.3 29.9389
17.4 29.9411
17.5 29.9404
17.6 29.9373
17.7 29.9338
17.8 29.9323
17.9 29.9335
18 29.9365
18.1 29.9394
18.2 29.9404
18.3 29.9388
18.4 29.9358
18.5 29.9334
18.6 29.933
18.7 29.9348
18.8 29.9375
18.9 29.9394
19 29.9393
19.1 29.9374
19.2 29.9349
19.3 29.9335
19.4 29.9339
19.5 29.9359
19.6 29.938
19.7 29.939
19.8 29.9383
19.9 29.9363
20 29.9344
20.1 29.9338
20.2 29.9348
20.3 29.9366
20.4 29.9382
20.5 29.9384
20.6 29.9373
20.7 29.9355
20.8 29.9343
20.9 29.9343
21 29.9355
21.1 29.9371
21.2 29.938
21.3 29.9377
21.4 29.9365
21.5 29.9351
21.6 29.9344
21.7 29.9349
21.8 29.9361
21.9 29.9373
22 29.9377
22.1 29.937
22.2 29.9359
22.3 29.9349
22.4 29.9347
22.5 29.9354
22.6 29.9365
22.7 29.9372
22.8 29.9372
22.8535 29.9369
