0 0
0.1 0.0163149
0.2 0.129384
0.3 0.345467
0.4 0.655634
0.5 1.0839
0.6 1.59356
0.7 2.15666
0.8 2.76261
0.9 3.38155
1 4.02093
1.1 4.69257
1.2 5.38296
1.3 6.09787
1.4 6.81106
1.5 7.49906
1.6 8.16121
1.7 8.78847
1.8 9.39893
1.9 10.0071
2 10.6126
2.1 11.2172
2.2 11.8077
2.3 12.3748
2.4 12.9244
2.5 13.4623
2.6 14.002
2.7 14.5505
2.8 15.0966
2.9 15.6249
3 16.111
3.1 16.5346
3.2 16.8883
3.3 17.1679
3.4 17.3769
3.5 17.5191
3.6 17.5947
3.7 17.6112
3.8 17.5832
3.9 17.5381
4 17.518
4.1 17.5522
4.2 17.5882
4.3 17.6227
4.4 17.6563
4.5 17.6466
4.6 17.6102
4.7 17.5692
4.8 17.5308
4.9 17.528
5 17.5509
5.1 17.5718
5.2 17.5868
5.3 17.5688
5.4 17.5322
5.5 17.5025
5.6 17.4848
5.7 17.4969
5.8 17.5218
5.9 17.5371
6 17.5361
6.1 17.5109
6.2 17.4782
6.3 17.4592
6.4 17.4587
6.5 17.4778
6.6 17.5002
6.7 17.5069
6.8 17.4959
6.9 17.4705
7 17.447
7.1 17.4412
7.2 17.4523
7.3 17.4736
7.4 17.4893
7.5 17.4873
7.6 17.4707
7.7 17.4488
7.8 17.4358
7.9 17.4405
8 17.4573
8.1 17.4752
8.2 17.4822
8.3 17.4728
8.4 17.4546
8.5 17.4388
8.6 17.4355
8.7 17.4467
8.8 17.4635
8.9 17.475
9 17.4736
9.1 17.4601
9.2 17.4442
9.3 17.436
9.4 17.4406
9.5 17.4549
9.6 17.4687
9.7 17.4732
9.8 17.466
9.9 17.4519
10 17.4408
10.1 17.4397
10.2 17.449
10.3 17.4623
10.4 17.4706
10.5 17.4686
10.6 17.458
10.7 17.4458
10.8 17.4402
10.9 17.4445
11 17.4554
11.1 17.4656
11.2 17.4682
11.3 17.4617
11.4 17.4508
11.5 17.4425
11.6 17.4423
11.7 17.4499
11.8 17.46
11.9 17.4659
12 17.4637
12.1 17.4552
12.2 17.4461
12.3 17.4424
12.4 17.4463
12.5 17.4549
12.6 17.4624
12.7 17.4639
12.8 17.4585
12.9 17.45
13 17.4441
13.1 17.4445
13.2 17.4507
13.3 17.4584
13.4 17.4625
13.5 17.4603
13.6 17.4535
13.7 17.4467
13.8 17.4443
13.9 17.4478
14 17.4545
14.1 17.46
14.2 17.4607
14.3 17.4562
14.4 17.4497
14.5 17.4454
14.6 17.4462
14.7 17.4512
14.8 17.4571
14.9 17.4598
15 17.4578
15.1 17.4524
15.2 17.4473
15.3 17.4459
15.4 17.4489
15.5 17.4541
15.6 17.4581
15.7 17.4582
15.8 17.4545
15.9 17.4496
16 17.4466
16.1 17.4475
16.2 17.4515
16.3 17.4559
16.4 17.4578
16.5 17.4559
16.6 17.4517
16.7 17.4479
16.8 17.4471
16.9 17.4496
17 17.4537
17.1 17.4566
17.2 17.4564
17.3 17.4534
17.4 17.4496
17.5 17.4475
17.5555 17.4477
