0 0
0.1 0.00114964
0.2 0.0520478
0.3 0.23265
0.4 0.606095
0.5 1.23517
0.6 2.1344
0.7 3.23669
0.8 4.45483
0.9 5.72113
1 6.98407
1.1 8.23309
1.2 9.5048
1.3 10.8393
1.4 12.2556
1.5 13.7544
1.6 15.3085
1.7 16.8699
1.8 18.4012
1.9 19.8898
2 21.3448
2.1 22.7966
2.2 24.2852
2.3 25.8386
2.4 27.4639
2.5 29.1497
2.6 30.8669
2.7 32.5762
2.8 34.2382
2.9 35.8159
3 37.2728
3.1 38.5741
3.2 39.6868
3.3 40.5813
3.4 41.2374
3.5 41.6523
3.6 41.8434
3.7 41.8493
3.8 41.7271
3.9 41.5453
4 41.3767
4.1 41.2942
4.2 41.318
4.3 41.4149
4.4 41.541
4.5 41.6245
4.6 41.6157
4.7 41.535
4.8 41.43
4.9 41.3426
5 41.3112
5.1 41.3445
5.2 41.4088
5.3 41.4623
5.4 41.4776
5.5 41.4412
5.6 41.365
5.7 41.2825
5.8 41.224
5.9 41.2034
6 41.2208
6.1 41.2607
6.2 41.2971
6.3 41.3095
6.4 41.2893
6.5 41.2404
6.6 41.1793
6.7 41.1281
6.8 41.1019
6.9 41.1028
7 41.1221
7.1 41.1438
7.2 41.1527
7.3 41.143
7.4 41.1189
7.5 41.0914
7.6 41.0725
7.7 41.0699
7.8 41.0829
7.9 41.1042
8 41.124
8.1 41.1351
8.2 41.1353
8.3 41.1285
8.4 41.1215
8.5 41.1201
8.6 41.1267
8.7 41.1394
8.8 41.1533
8.9 41.1631
9 41.1662
9.1 41.1631
9.2 41.1568
9.3 41.1514
9.4 41.1495
9.5 41.1517
9.6 41.1562
9.7 41.1602
9.8 41.1614
9.9 41.1591
10 41.1546
10.1 41.1498
10.2 41.1468
10.3 41.1465
10.4 41.1484
10.5 41.1511
10.6 41.1529
10.7 41.1529
10.8 41.1511
10.9 41.1487
11 41.1469
11.1 41.1465
11.2 41.1478
11.3 41.15
11.4 41.152
11.5 41.153
11.6 41.1528
11.7 41.1517
11.8 41.1506
11.9 41.15
12 41.1505
12.1 41.1516
12.2 41.153
12.3 41.1539
12.4 41.1541
12.5 41.1536
12.6 41.1528
12.7 41.1522
12.8 41.152
12.9 41.1525
13 41.1532
13.1 41.1538
13.2 41.1541
13.3 41.1539
13.4 41.1535
13.5 41.153
13.6 41.1527
13.7 41.1527
13.8 41.153
13.9 41.1533
14 41.1536
14.1 41.1535
14.2 41.1533
14.3 41.1529
14.4 41.1526
14.5 41.1525
14.6 41.1525
14.7 41.1526
14.8 41.1527
14.9 41.1527
15 41.1525
15.1 41.1523
15.2 41.1521
15.3 41.1519
15.4 41.1518
15.5 41.1518
15.6 41.1518
15.7 41.1518
15.8 41.1517
15.9 41.1516
16 41.1514
16.1 41.1513
16.2 41.1512
16.3 41.1511
16.4 41.1511
16.5 41.1511
16.6 41.1511
16.7 41.151
16.8 41.1509
16.9 41.1508
17 41.1507
17.1 41.1507
17.2 41.1507
17.3 41.1506
17.4 41.1506
17.5 41.1506
17.5505 41.1505
