0 0
0.1 0.00379243
0.2 0.0450908
0.3 0.139416
0.4 0.289614
0.5 0.519608
0.6 0.807282
0.7 1.12619
0.8 1.46574
0.9 1.79906
1 2.13074
1.1 2.47696
1.2 2.83619
1.3 3.21573
1.4 3.60321
1.5 3.97199
1.6 4.31304
1.7 4.61717
1.8 4.88793
1.9 5.14521
2 5.39568
2.1 5.64176
2.2 5.88002
2.3 6.09345
2.4 6.27558
2.5 6.42863
2.6 6.55741
2.7 6.67705
2.8 6.79463
2.9 6.90526
3 7.00205
3.1 7.07026
3.2 7.10047
3.3 7.0964
3.4 7.06448
3.5 7.01757
3.6 6.96713
3.7 6.9147
3.8 6.86243
3.9 6.8129
4 6.77386
4.1 6.76281
4.2 6.76605
4.3 6.77895
4.4 6.80317
4.5 6.80168
4.6 6.7754
4.7 6.73633
4.8 6.68596
4.9 6.65468
5 6.64794
5.1 6.6517
5.2 6.66289
5.3 6.65978
5.4 6.63506
5.5 6.60408
5.6 6.57308
5.7 6.55724
5.8 6.56432
5.9 6.57932
6 6.59309
6.1 6.59513
6.2 6.57819
6.3 6.5556
6.4 6.53828
6.5 6.53303
6.6 6.54525
6.7 6.56318
6.8 6.57459
6.9 6.57482
7 6.56046
7.1 6.54153
7.2 6.53051
7.3 6.53062
7.4 6.54308
7.5 6.55919
7.6 6.56689
7.7 6.56374
7.8 6.55045
7.9 6.53466
8 6.52752
8.1 6.53096
8.2 6.54268
8.3 6.55577
8.4 6.56036
8.5 6.55483
8.6 6.54266
8.7 6.53028
8.8 6.52618
8.9 6.53166
9 6.54246
9.1 6.55247
9.2 6.5546
9.3 6.54784
9.4 6.53695
9.5 6.52778
9.6 6.52613
9.7 6.53262
9.8 6.5423
9.9 6.54951
10 6.54963
10.1 6.54249
10.2 6.53303
10.3 6.52667
10.4 6.52702
10.5 6.53378
10.6 6.54213
10.7 6.54695
10.8 6.54548
10.9 6.53848
11 6.53056
11.1 6.52647
11.2 6.52827
11.3 6.53476
11.4 6.54162
11.5 6.54448
11.6 6.54189
11.7 6.53538
11.8 6.52904
11.9 6.52675
12 6.52951
12.1 6.53548
12.2 6.54084
12.3 6.54218
12.4 6.53891
12.5 6.53309
12.6 6.52827
12.7 6.52739
12.8 6.53069
12.9 6.53596
13 6.53993
13.1 6.5401
13.2 6.53651
13.3 6.53149
13.4 6.52804
13.5 6.52822
13.6 6.53172
13.7 6.5362
13.7875 6.53875
