0 0
0.1 0.00180646
0.2 0.0532561
0.3 0.204158
0.4 0.466894
0.5 0.871398
0.6 1.40237
0.7 1.97661
0.8 2.54429
0.9 3.09032
1 3.59746
1.1 4.09752
1.2 4.64598
1.3 5.24447
1.4 5.87065
1.5 6.50136
1.6 7.08314
1.7 7.57851
1.8 8.00691
1.9 8.39792
2 8.779
2.1 9.18795
2.2 9.62882
2.3 10.0659
2.4 10.4733
2.5 10.8352
2.6 11.1407
2.7 11.4128
2.8 11.6881
2.9 11.9759
3 12.27
3.1 12.552
3.2 12.7787
3.3 12.917
3.4 12.9669
3.5 12.9424
3.6 12.8716
3.7 12.7958
3.8 12.7387
3.9 12.7051
4 12.7038
4.1 12.7442
4.2 12.7937
4.3 12.8259
4.4 12.8472
4.5 12.8245
4.6 12.751
4.7 12.6802
4.8 12.6326
4.9 12.6072
5 12.6229
5.1 12.6584
5.2 12.667
5.3 12.6464
5.4 12.6046
5.5 12.5418
5.6 12.4913
5.7 12.4809
5.8 12.4953
5.9 12.52
6 12.5442
6.1 12.5398
6.2 12.5026
6.3 12.4591
6.4 12.424
6.5 12.4075
6.6 12.4229
6.7 12.4551
6.8 12.4767
6.9 12.4804
7 12.4634
7.1 12.4277
7.2 12.3968
7.3 12.389
7.4 12.4004
7.5 12.4253
7.6 12.452
7.7 12.4598
7.8 12.4447
7.9 12.4194
8 12.3938
8.1 12.3805
8.2 12.3901
8.3 12.4135
8.4 12.4351
8.5 12.4464
8.6 12.4402
8.7 12.4181
8.8 12.3957
8.9 12.3854
9 12.3898
9.1 12.4079
9.2 12.4299
9.3 12.4413
9.4 12.437
9.5 12.4215
9.6 12.4017
9.7 12.3891
9.8 12.3918
9.9 12.4064
10 12.4239
10.1 12.4359
10.2 12.4352
10.3 12.4217
10.4 12.4046
10.5 12.3932
10.6 12.3924
10.7 12.4033
10.8 12.4194
10.9 12.4303
11 12.431
11.1 12.4216
11.2 12.4067
11.3 12.3951
11.4 12.3936
11.5 12.4016
11.6 12.4145
11.7 12.4254
11.8 12.4277
11.9 12.4203
12 12.4081
12.1 12.3977
12.2 12.3944
12.3 12.4002
12.4 12.4113
12.5 12.421
12.6 12.4242
12.7 12.4194
12.8 12.4091
12.9 12.3994
13 12.3958
13.1 12.3995
13.2 12.4084
13.3 12.4174
13.4 12.4212
13.5 12.4179
13.6 12.4098
13.7 12.4012
13.8 12.3969
13.9 12.3992
14 12.4065
14.1 12.4143
14.2 12.4185
14.3 12.4168
14.4 12.4102
14.5 12.4026
14.6 12.3982
14.7 12.3992
14.8 12.4049
14.9 12.4119
15 12.4162
15.1 12.4154
15.2 12.4104
15.3 12.4038
15.4 12.3993
15.5 12.3995
15.6 12.4039
15.7 12.4098
15.8 12.4141
15.9 12.4142
16 12.4103
16.1 12.4046
16.2 12.4004
16.3 12.3999
16.4 12.4032
16.5 12.4083
16.6 12.4123
16.7 12.413
16.8 12.4101
16.9 12.4054
17 12.4014
17.1 12.4004
17.2 12.4028
17.3 12.407
17.4 12.4108
17.5 12.4119
17.6 12.4098
17.7 12.4059
17.8 12.4023
17.9 12.4009
18 12.4025
18.1 12.4061
18.2 12.4095
18.3 12.4108
18.4 12.4095
18.5 12.4063
18.6 12.403
18.7 12.4015
18.7915 12.4023
