0 0
0.1 0.00169249
0.2 0.0503019
0.3 0.204519
0.4 0.498274
0.5 0.976998
0.6 1.64317
0.7 2.43416
0.8 3.29621
0.9 4.19567
1 5.10475
1.1 6.03662
1.2 7.02801
1.3 8.08863
1.4 9.20954
1.5 10.3704
1.6 11.528
1.7 12.6463
1.8 13.7207
1.9 14.7617
2 15.7893
2.1 16.8309
2.2 17.8966
2.3 18.9756
2.4 20.0524
2.5 21.1094
2.6 22.1325
2.7 23.1208
2.8 24.0778
2.9 24.9983
3 25.8671
3.1 26.6574
3.2 27.3331
3.3 27.8636
3.4 28.2343
3.5 28.4484
3.6 28.5278
3.7 28.5081
3.8 28.428
3.9 28.3256
4 28.2394
4.1 28.2085
4.2 28.2291
4.3 28.2741
4.4 28.3272
4.5 28.3425
4.6 28.2961
4.7 28.2222
4.8 28.1525
4.9 28.1072
5 28.1098
5.1 28.1486
5.2 28.1851
5.3 28.1983
5.4 28.1798
5.5 28.1308
5.6 28.0774
5.7 28.0472
5.8 28.0455
5.9 28.0669
6 28.0966
6.1 28.1114
6.2 28.1007
6.3 28.0724
6.4 28.0397
6.5 28.0183
6.6 28.0196
6.7 28.0389
6.8 28.0613
6.9 28.0739
7 28.0682
7.1 28.0457
7.2 28.019
7.3 28.0015
7.4 28.0001
7.5 28.014
7.6 28.0343
7.7 28.049
7.8 28.051
7.9 28.0415
8 28.0269
8.1 28.0168
8.2 28.0175
8.3 28.0288
8.4 28.0446
8.5 28.0576
8.6 28.062
8.7 28.0572
8.8 28.0479
8.9 28.0405
9 28.0394
9.1 28.0454
9.2 28.0551
9.3 28.0632
9.4 28.0658
9.5 28.0622
9.6 28.0549
9.7 28.0483
9.8 28.0459
9.9 28.0485
10 28.0541
10.1 28.0595
10.2 28.0615
10.3 28.0593
10.4 28.0544
10.5 28.0495
10.6 28.0473
10.7 28.0485
10.8 28.0522
10.9 28.056
11 28.0578
11.1 28.0568
11.2 28.0536
11.3 28.0503
11.4 28.0484
11.5 28.049
11.6 28.0513
11.7 28.054
11.8 28.0556
11.9 28.0551
12 28.0532
12.1 28.0508
12.2 28.0493
12.3 28.0494
12.4 28.0508
12.5 28.0527
12.6 28.0538
12.7 28.0537
12.8 28.0524
12.9 28.0508
13 28.0496
13.1 28.0494
13.2 28.0502
13.3 28.0514
13.4 28.0523
13.5 28.0523
13.6 28.0516
13.7 28.0504
13.8 28.0495
13.9 28.0493
14 28.0498
14.1 28.0506
14.2 28.0512
14.3 28.0514
14.4 28.0509
14.5 28.0502
14.6 28.0495
14.7 28.0493
14.8 28.0496
14.9 28.0501
15 28.0506
15.1 28.0507
15.2 28.0505
15.3 28.05
15.4 28.0496
15.5 28.0494
15.6 28.0495
15.7 28.0498
15.8 28.0502
15.9 28.0503
16 28.0502
16.1 28.0499
16.2 28.0496
16.265 28.0495
