0 0
0.1 0.00791843
0.2 0.060682
0.3 0.161661
0.4 0.311874
0.5 0.531174
0.6 0.794804
0.7 1.09592
0.8 1.4261
0.9 1.76528
1 2.12626
1.1 2.508
1.2 2.9088
1.3 3.33352
1.4 3.76202
1.5 4.18378
1.6 4.5924
1.7 4.97747
1.8 5.34935
1.9 5.71287
2 6.06715
2.1 6.41636
2.2 6.74806
2.3 7.05508
2.4 7.33838
2.5 7.5941
2.6 7.83338
2.7 8.06195
2.8 8.27671
2.9 8.47876
3 8.65495
3.1 8.79763
3.2 8.90712
3.3 8.9803
3.4 9.02755
3.5 9.05451
3.6 9.06232
3.7 9.0576
3.8 9.03949
3.9 9.01667
4 9.00634
4.1 9.01777
4.2 9.03318
4.3 9.05404
4.4 9.07764
4.5 9.0777
4.6 9.06413
4.7 9.03923
4.8 9.01069
4.9 9.00079
5 9.00281
5.1 9.01315
5.2 9.0244
5.3 9.01947
5.4 9.00448
5.5 8.98567
5.6 8.96983
5.7 8.97067
5.8 8.98205
5.9 8.99568
6 9.00574
6.1 9.00065
6.2 8.9869
6.3 8.97351
6.4 8.96498
6.5 8.97091
6.6 8.98385
6.7 8.99471
6.8 8.99991
6.9 8.99167
7 8.97833
7.1 8.96839
7.2 8.96482
7.3 8.97345
7.4 8.98542
7.5 8.99305
7.6 8.99388
7.7 8.98404
7.8 8.97254
7.9 8.96618
8 8.9669
8.1 8.97669
8.2 8.98679
8.3 8.99117
8.4 8.98853
8.5 8.97849
8.6 8.96932
8.7 8.96634
8.8 8.97008
8.9 8.97964
9 8.98736
9.1 8.98862
9.2 8.98371
9.3 8.97447
9.4 8.9679
9.5 8.96792
9.6 8.9734
9.7 8.98189
9.8 8.98702
9.9 8.98566
10 8.97965
10.1 8.97183
10.2 8.96792
10.3 8.97024
10.4 8.97639
10.5 8.98331
10.6 8.98593
10.7 8.98274
10.8 8.97657
10.9 8.97056
11 8.96908
11.1 8.97289
11.2 8.97886
11.3 8.9839
11.4 8.9843
11.5 8.98002
11.6 8.97433
11.7 8.97025
11.8 8.97074
11.9 8.97527
12 8.98049
12.1 8.98359
12.2 8.98229
12.3 8.9776
12.4 8.97288
12.5 8.97068
12.6 8.9726
12.7 8.97725
12.8 8.98135
12.9 8.98269
13 8.98024
13.1 8.97571
13.2 8.97222
13.3 8.97164
13.4 8.97445
13.5 8.97873
13.6 8.98155
13.7 8.98143
13.8 8.97837
13.816 8.97774
