0 0
0.1 0.00948557
0.2 0.110567
0.3 0.345261
0.4 0.681412
0.5 1.14637
0.6 1.74089
0.7 2.36581
0.8 2.98591
0.9 3.62936
1 4.26945
1.1 4.92357
1.2 5.6429
1.3 6.39957
1.4 7.13724
1.5 7.85248
1.6 8.51804
1.7 9.10929
1.8 9.67674
1.9 10.2551
2 10.8349
2.1 11.4208
2.2 12.0078
2.3 12.5507
2.4 13.0475
2.5 13.5307
2.6 14.0078
2.7 14.4922
2.8 14.9993
2.9 15.4977
3 15.9396
3.1 16.3104
3.2 16.5928
3.3 16.7799
3.4 16.8996
3.5 16.9719
3.6 16.9924
3.7 16.9685
3.8 16.913
3.9 16.8342
4 16.7747
4.1 16.7897
4.2 16.8351
4.3 16.874
4.4 16.9345
4.5 16.9551
4.6 16.8841
4.7 16.8065
4.8 16.7648
4.9 16.7383
5 16.7701
5.1 16.8452
5.2 16.8753
5.3 16.8522
5.4 16.813
5.5 16.7476
5.6 16.6962
5.7 16.7147
5.8 16.7632
5.9 16.7986
6 16.8203
6.1 16.802
6.2 16.736
6.3 16.6851
6.4 16.6757
6.5 16.6908
6.6 16.7325
6.7 16.7767
6.8 16.7751
6.9 16.735
7 16.6928
7.1 16.657
7.2 16.65
7.3 16.6863
7.4 16.7293
7.5 16.746
7.6 16.738
7.7 16.7044
7.8 16.658
7.9 16.6385
8 16.6548
8.1 16.6856
8.2 16.7174
8.3 16.7324
8.4 16.7119
8.5 16.6738
8.6 16.6478
8.7 16.642
8.8 16.6604
8.9 16.6965
9 16.7218
9.1 16.7184
9.2 16.6959
9.3 16.6658
9.4 16.6435
9.5 16.6482
9.6 16.6749
9.7 16.7015
9.8 16.7146
9.9 16.7075
10 16.6806
10.1 16.6535
10.2 16.6456
10.3 16.6573
10.4 16.6809
10.5 16.7041
10.6 16.7093
10.7 16.6929
10.8 16.6691
10.9 16.6514
11 16.6491
11.1 16.6657
11.2 16.6897
11.3 16.7034
11.4 16.7004
11.5 16.6837
11.6 16.662
11.7 16.6503
11.8 16.6568
11.9 16.6749
12 16.693
12.1 16.7011
12.2 16.6931
12.3 16.6741
12.4 16.658
12.5 16.654
12.6 16.6635
12.7 16.6812
12.8 16.6955
12.9 16.6963
13 16.6846
13.1 16.6683
13.2 16.6568
13.3 16.6578
13.4 16.6707
13.5 16.686
13.6 16.6941
13.7 16.6909
13.8 16.6779
13.9 16.6636
14 16.6577
14.1 16.6633
14.2 16.676
14.3 16.6882
14.4 16.6921
14.5 16.6849
14.6 16.672
14.7 16.6619
14.8 16.6602
14.9 16.6681
15 16.6804
15.1 16.6888
15.2 16.6881
15.3 16.6795
15.4 16.6681
15.5 16.6613
15.6 16.6636
15.7 16.6728
15.8 16.6829
15.9 16.6876
16 16.6841
16.1 16.6746
16.2 16.6655
16.3 16.6626
16.4 16.6672
16.5 16.6763
16.6 16.6841
16.7 16.6855
16.8 16.6798
16.9 16.671
17 16.6646
17.1 16.6645
17.2 16.6707
17.3 16.679
17.4 16.6839
17.5 16.6826
17.6 16.6761
17.7 16.6685
17.8 16.6648
17.9 16.6671
18 16.6737
18.1 16.6803
18.2 16.6828
18.3 16.6796
18.4 16.6729
18.5 16.6672
18.6 16.6659
18.7 16.6696
18.753 16.6729
