0 0
0.1 0.0096659
0.2 0.107665
0.3 0.34311
0.4 0.706186
0.5 1.22501
0.6 1.89355
0.7 2.64025
0.8 3.43009
0.9 4.25422
1 5.09452
1.1 5.9762
1.2 6.92009
1.3 7.90949
1.4 8.91812
1.5 9.91724
1.6 10.8751
1.7 11.789
1.8 12.6827
1.9 13.5764
2 14.4868
2.1 15.4152
2.2 16.3442
2.3 17.2564
2.4 18.1484
2.5 19.0278
2.6 19.9096
2.7 20.8048
2.8 21.7028
2.9 22.5736
3 23.3764
3.1 24.0717
3.2 24.6346
3.3 25.0607
3.4 25.3587
3.5 25.5433
3.6 25.6294
3.7 25.6304
3.8 25.5657
3.9 25.4683
4 25.3872
4.1 25.3742
4.2 25.4024
4.3 25.44
4.4 25.4924
4.5 25.5097
4.6 25.4607
4.7 25.3956
4.8 25.3459
4.9 25.3246
5 25.3561
5.1 25.4093
5.2 25.4382
5.3 25.4301
5.4 25.3878
5.5 25.3299
5.6 25.2958
5.7 25.3031
5.8 25.336
5.9 25.3728
6 25.3859
6.1 25.3617
6.2 25.316
6.3 25.2767
6.4 25.2634
6.5 25.2818
6.6 25.3171
6.7 25.3417
6.8 25.3395
6.9 25.3115
7 25.2746
7.1 25.2515
7.2 25.2557
7.3 25.2813
7.4 25.31
7.5 25.3226
7.6 25.3103
7.7 25.2814
7.8 25.2541
7.9 25.2449
8 25.2581
8.1 25.2837
8.2 25.3045
8.3 25.3075
8.4 25.2919
8.5 25.2692
8.6 25.2547
8.7 25.2582
8.8 25.277
8.9 25.299
9 25.3103
9.1 25.3045
9.2 25.2862
9.3 25.268
9.4 25.2613
9.5 25.27
9.6 25.2875
9.7 25.3022
9.8 25.3046
9.9 25.2937
10 25.2769
10.1 25.2652
10.2 25.2658
10.3 25.2776
10.4 25.2925
10.5 25.3008
10.6 25.2975
10.7 25.2851
10.8 25.2722
10.9 25.2671
11 25.2726
11.1 25.2849
11.2 25.2957
11.3 25.2984
11.4 25.2915
11.5 25.2801
11.6 25.2718
11.7 25.2718
11.8 25.2798
11.9 25.2903
12 25.2967
12.1 25.295
12.2 25.2868
12.3 25.2778
12.4 25.2738
12.5 25.2772
12.6 25.2856
12.7 25.2934
12.8 25.2957
12.9 25.2913
13 25.2835
13.1 25.2774
13.2 25.2769
13.3 25.2821
13.4 25.2895
13.5 25.2942
13.6 25.2934
13.7 25.288
13.8 25.2815
13.9 25.2784
14 25.2804
14.1 25.2861
14.2 25.2916
14.3 25.2935
14.4 25.2907
14.5 25.2853
14.6 25.2809
14.7 25.2802
14.8 25.2836
14.9 25.2887
15 25.2921
15.1 25.2918
15.2 25.2881
15.3 25.2836
15.4 25.2811
15.5 25.2822
15.6 25.286
15.7 25.2899
15.8 25.2915
15.9 25.2897
16 25.286
16.1 25.2827
16.2 25.282
16.3 25.2842
16.4 25.2877
16.5 25.2902
16.6 25.2902
16.7 25.2877
16.8 25.2845
16.9 25.2827
17 25.2832
17.1 25.2858
17.2 25.2885
17.3 25.2897
17.4 25.2887
17.5 25.2861
17.6 25.2838
17.7 25.2831
17.8 25.2845
17.9 25.2869
18 25.2888
18.1 25.2889
18.2 25.2873
18.3 25.285
18.4 25.2836
18.5 25.2839
18.6 25.2856
18.7 25.2875
18.8 25.2885
18.9 25.2878
19 25.2861
19.1 25.2844
19.2 25.2839
19.3 25.2847
19.4 25.2864
19.5 25.2877
19.6 25.2879
19.7 25.2868
19.8 25.2853
19.9 25.2842
20 25.2843
20.1 25.2855
20.2 25.2868
20.3 25.2876
20.4 25.2872
20.5 25.286
20.6 25.2848
20.7 25.2844
20.8 25.2849
20.9 25.286
21 25.287
21.1 25.2872
21.2 25.2865
21.3 25.2854
21.4 25.2846
21.4775 25.2846
