0 0
0.1 0.00908528
0.2 0.0560166
0.3 0.14224
0.4 0.268998
0.5 0.448587
0.6 0.663284
0.7 0.910943
0.8 1.18348
0.9 1.4669
1 1.77092
1.1 2.08905
1.2 2.42281
1.3 2.77392
1.4 3.12572
1.5 3.47671
1.6 3.81677
1.7 4.14029
1.8 4.45595
1.9 4.76016
2 5.05915
2.1 5.35276
2.2 5.63199
2.3 5.89867
2.4 6.14607
2.5 6.37595
2.6 6.59506
2.7 6.80133
2.8 6.99941
2.9 7.18389
3 7.34672
3.1 7.48585
3.2 7.59383
3.3 7.67368
3.4 7.72949
3.5 7.76291
3.6 7.78134
3.7 7.78494
3.8 7.77784
3.9 7.76876
4 7.76663
4.1 7.78124
4.2 7.79405
4.3 7.80763
4.4 7.82383
4.5 7.82193
4.6 7.81364
4.7 7.79646
4.8 7.77451
4.9 7.76634
5 7.7617
5.1 7.76536
5.2 7.77107
5.3 7.76517
5.4 7.75773
5.5 7.74405
5.6 7.73258
5.7 7.733
5.8 7.7361
5.9 7.74594
6 7.75247
6.1 7.74935
6.2 7.74423
6.3 7.73376
6.4 7.72845
6.5 7.73148
6.6 7.73653
6.7 7.74572
6.8 7.74865
6.9 7.74459
7 7.7385
7.1 7.72955
7.2 7.72749
7.3 7.73115
7.4 7.73682
7.5 7.74404
7.6 7.74416
7.7 7.73973
7.8 7.73345
7.9 7.72692
8 7.72747
8.1 7.73165
8.2 7.73753
8.3 7.74251
8.4 7.7408
8.5 7.73628
8.6 7.73037
8.7 7.72636
8.8 7.72855
8.9 7.73288
9 7.73826
9.1 7.74093
9.2 7.73807
9.3 7.73361
9.4 7.72853
9.5 7.72678
9.6 7.72985
9.7 7.73409
9.8 7.73848
9.9 7.73915
10 7.73576
10.1 7.73157
10.2 7.72771
10.3 7.72778
10.4 7.7312
10.5 7.73511
10.6 7.73823
10.7 7.7374
10.8 7.7339
10.9 7.73019
11 7.72769
11.1 7.72906
11.2 7.73246
11.3 7.73584
11.4 7.73763
11.5 7.73579
11.6 7.73247
11.7 7.72941
11.8 7.72823
11.9 7.73036
12 7.7335
12.1 7.73617
12.2 7.73672
12.3 7.73435
12.4 7.73138
12.5 7.72908
12.6 7.72905
12.7 7.73152
12.8 7.73424
12.9 7.73611
13 7.73566
13.1 7.73313
13.2 7.73064
13.3 7.72916
13.4 7.72999
13.5 7.73248
13.6 7.73469
13.7 7.73576
13.8 7.73459
13.9 7.73218
13.9825 7.73051
