0 0
0.1 0.00362951
0.2 0.0426332
0.3 0.129844
0.4 0.267199
0.5 0.478481
0.6 0.742336
0.7 1.03606
0.8 1.3548
0.9 1.67545
1 2.00553
1.1 2.36243
1.2 2.74198
1.3 3.1506
1.4 3.5762
1.5 3.99211
1.6 4.39281
1.7 4.7708
1.8 5.12833
1.9 5.48428
2 5.84078
2.1 6.19568
2.2 6.54432
2.3 6.86761
2.4 7.15896
2.5 7.42142
2.6 7.65699
2.7 7.87857
2.8 8.0908
2.9 8.28521
3 8.45544
3.1 8.58829
3.2 8.6756
3.3 8.72445
3.4 8.74158
3.5 8.73857
3.6 8.72679
3.7 8.70576
3.8 8.67762
3.9 8.64694
4 8.62164
4.1 8.62056
4.2 8.63189
4.3 8.65148
4.4 8.6822
4.5 8.68778
4.6 8.67051
4.7 8.64409
4.8 8.60804
4.9 8.5916
5 8.59901
5.1 8.61332
5.2 8.63306
5.3 8.63781
5.4 8.62043
5.5 8.5991
5.6 8.57862
5.7 8.57198
5.8 8.58705
5.9 8.6063
6 8.62134
6.1 8.62454
6.2 8.60867
6.3 8.58898
6.4 8.57652
6.5 8.575
6.6 8.5897
6.7 8.60789
6.8 8.61684
6.9 8.6152
7 8.60032
7.1 8.5825
7.2 8.57503
7.3 8.57814
7.4 8.59175
7.5 8.60756
7.6 8.61272
7.7 8.60744
7.8 8.59421
7.9 8.57988
8 8.57604
8.1 8.58252
8.2 8.59485
8.3 8.6071
8.4 8.60938
8.5 8.6017
8.6 8.58988
8.7 8.57937
8.8 8.5782
8.9 8.58643
9 8.59753
9.1 8.6062
9.2 8.60628
9.3 8.59776
9.4 8.58742
9.5 8.58051
9.6 8.58151
9.7 8.59014
9.8 8.59977
9.9 8.60514
10 8.60321
10.1 8.5947
10.2 8.58586
10.3 8.58184
10.4 8.58455
10.5 8.59276
10.6 8.60071
10.7 8.60349
10.8 8.60007
10.9 8.59224
11 8.58517
11.1 8.58342
11.2 8.58737
11.3 8.59474
11.4 8.60088
11.5 8.60172
11.6 8.59735
11.7 8.59047
11.8 8.58524
11.9 8.58516
12 8.58979
12.1 8.59614
12.2 8.60047
12.3 8.5999
12.4 8.59511
12.5 8.58929
12.576 8.58628
