0 0
0.1 0.00727868
0.2 0.0821841
0.3 0.258513
0.4 0.530004
0.5 0.932256
0.6 1.45736
0.7 2.04973
0.8 2.69761
0.9 3.39797
1 4.13388
1.1 4.93596
1.2 5.82122
1.3 6.76382
1.4 7.75142
1.5 8.75815
1.6 9.75013
1.7 10.7292
1.8 11.7105
1.9 12.697
2 13.6971
2.1 14.7054
2.2 15.6905
2.3 16.6344
2.4 17.5282
2.5 18.366
2.6 19.1592
2.7 19.9166
2.8 20.6286
2.9 21.2792
3 21.8484
3.1 22.3139
3.2 22.6709
3.3 22.9299
3.4 23.1028
3.5 23.2062
3.6 23.2516
3.7 23.2427
3.8 23.1891
3.9 23.1125
4 23.0465
4.1 23.0307
4.2 23.0473
4.3 23.0753
4.4 23.1197
4.5 23.1307
4.6 23.0884
4.7 23.0371
4.8 22.9951
4.9 22.9753
5 23.0051
5.1 23.0527
5.2 23.0791
5.3 23.0834
5.4 23.0571
5.5 23.0149
5.6 22.9956
5.7 23.0075
5.8 23.0375
5.9 23.0744
6 23.0918
6.1 23.0744
6.2 23.0419
6.3 23.012
6.4 22.9996
6.5 23.016
6.6 23.0465
6.7 23.0674
6.8 23.0686
6.9 23.0489
7 23.0186
7.1 23.0007
7.2 23.0052
7.3 23.0262
7.4 23.0526
7.5 23.0666
7.6 23.0589
7.7 23.0374
7.8 23.0164
7.9 23.0081
8 23.0188
8.1 23.0405
8.2 23.0576
8.3 23.0604
8.4 23.0473
8.5 23.0262
8.6 23.0117
8.7 23.0123
8.8 23.0262
8.9 23.0444
9 23.0551
9.1 23.0512
9.2 23.0365
9.3 23.021
9.4 23.0143
9.5 23.0209
9.6 23.036
9.7 23.0495
9.8 23.0531
9.9 23.0451
10 23.0309
10.1 23.02
10.2 23.0192
10.3 23.0283
10.4 23.0412
10.5 23.0493
10.6 23.0475
10.7 23.0375
10.8 23.0259
10.9 23.0202
11 23.0238
11.1 23.034
11.2 23.0439
11.3 23.0473
11.4 23.0425
11.5 23.0327
11.6 23.0246
11.7 23.0233
11.8 23.0293
11.9 23.0385
12 23.0448
12.1 23.0444
12.2 23.0377
12.3 23.0294
12.4 23.0248
12.5 23.0266
12.6 23.0334
12.7 23.0406
12.8 23.0435
12.9 23.0406
13 23.0338
13.1 23.0278
13.2 23.0263
13.3 23.0301
13.4 23.0366
13.5 23.0414
13.6 23.0417
13.7 23.0374
13.8 23.0315
13.9 23.0278
14 23.0286
14.1 23.0332
14.2 23.0384
14.27 23.0406
