0 0
0.1 0.0185686
0.2 0.124909
0.3 0.320625
0.4 0.608766
0.5 1.01015
0.6 1.48785
0.7 2.03834
0.8 2.63945
0.9 3.26911
1 3.93881
1.1 4.63562
1.2 5.36285
1.3 6.11566
1.4 6.86949
1.5 7.61863
1.6 8.34835
1.7 9.05678
1.8 9.75777
1.9 10.4515
2 11.1464
2.1 11.8389
2.2 12.5166
2.3 13.1808
2.4 13.8267
2.5 14.4621
2.6 15.0976
2.7 15.7286
2.8 16.3535
2.9 16.9534
3 17.5076
3.1 18.0038
3.2 18.4252
3.3 18.7709
3.4 19.0394
3.5 19.2284
3.6 19.3447
3.7 19.3912
3.8 19.3856
3.9 19.3564
4 19.3389
4.1 19.3618
4.2 19.3797
4.3 19.3998
4.4 19.4193
4.5 19.4025
4.6 19.3772
4.7 19.3396
4.8 19.3069
4.9 19.3037
5 19.3092
5.1 19.3252
5.2 19.3327
5.3 19.3169
5.4 19.2959
5.5 19.271
5.6 19.2598
5.7 19.27
5.8 19.2837
5.9 19.2979
6 19.2968
6.1 19.2785
6.2 19.2604
6.3 19.2452
6.4 19.2471
6.5 19.2626
6.6 19.2756
6.7 19.2839
6.8 19.2753
6.9 19.258
7 19.2454
7.1 19.2396
7.2 19.2503
7.3 19.2654
7.4 19.2748
7.5 19.2757
7.6 19.2623
7.7 19.2485
7.8 19.2413
7.9 19.2438
8 19.2577
8.1 19.269
8.2 19.2731
8.3 19.2673
8.4 19.2533
8.5 19.2442
8.6 19.2427
8.7 19.2505
8.8 19.2633
8.9 19.2696
9 19.2682
9.1 19.2586
9.2 19.2471
9.3 19.2431
9.4 19.2466
9.5 19.2569
9.6 19.2663
9.7 19.2679
9.8 19.2626
9.9 19.2525
10 19.2453
10.1 19.246
10.2 19.2527
10.3 19.2622
10.4 19.267
10.5 19.2644
10.6 19.2569
10.7 19.2484
10.8 19.2457
10.9 19.2498
11 19.2573
11.1 19.2641
11.2 19.2646
11.3 19.2593
11.4 19.2518
11.5 19.2466
11.6 19.2478
11.7 19.2537
11.8 19.2604
11.9 19.2638
12 19.261
12.1 19.2548
12.2 19.2489
12.3 19.2472
12.4 19.2511
12.5 19.2572
12.6 19.2618
12.7 19.2618
12.8 19.2571
12.9 19.2514
13 19.2481
13.1 19.2494
13.2 19.2544
13.3 19.2594
13.4 19.2614
13.5 19.2589
13.6 19.2537
13.7 19.2496
13.8 19.2489
13.9 19.2522
14 19.257
14.1 19.2601
14.2 19.2596
14.3 19.2558
14.4 19.2514
14.4755 19.2495
