0 0
0.1 0.00575557
0.2 0.0666895
0.3 0.209176
0.4 0.429869
0.5 0.760823
0.6 1.18755
0.7 1.66297
0.8 2.17926
0.9 2.72529
1 3.2903
1.1 3.9055
1.2 4.58099
1.3 5.29756
1.4 6.05009
1.5 6.80919
1.6 7.54522
1.7 8.26629
1.8 8.97802
1.9 9.68805
2 10.4118
2.1 11.1397
2.2 11.8488
2.3 12.5262
2.4 13.1586
2.5 13.7417
2.6 14.2912
2.7 14.8132
2.8 15.3033
2.9 15.7552
3 16.1468
3.1 16.4598
3.2 16.6923
3.3 16.8483
3.4 16.9413
3.5 16.9893
3.6 17.0007
3.7 16.9787
3.8 16.9307
3.9 16.8675
4 16.8134
4.1 16.8016
4.2 16.8146
4.3 16.8393
4.4 16.8803
4.5 16.8891
4.6 16.8541
4.7 16.8108
4.8 16.7685
4.9 16.747
5 16.7706
5.1 16.8079
5.2 16.8324
5.3 16.8415
5.4 16.8183
5.5 16.7807
5.6 16.7629
5.7 16.7661
5.8 16.7908
5.9 16.8269
6 16.8447
6.1 16.8356
6.2 16.8111
6.3 16.7813
6.4 16.7658
6.5 16.7774
6.6 16.8015
6.7 16.8233
6.8 16.8318
6.9 16.8167
7 16.7903
7.1 16.7711
7.2 16.7671
7.3 16.7819
7.4 16.8066
7.5 16.8226
7.6 16.8218
7.7 16.8066
7.8 16.785
7.9 16.7722
8 16.7769
8.1 16.7933
8.2 16.8118
8.3 16.8211
8.4 16.8141
8.5 16.7969
8.6 16.7807
8.7 16.7746
8.8 16.7827
8.9 16.7994
9 16.8129
9.1 16.8155
9.2 16.8063
9.3 16.7908
9.4 16.7797
9.5 16.78
9.6 16.7903
9.7 16.8044
9.8 16.8133
9.9 16.8111
10 16.8003
10.1 16.7878
10.2 16.7814
10.3 16.7851
10.4 16.7961
10.5 16.8068
10.6 16.8109
10.7 16.8059
10.8 16.7952
10.9 16.786
11 16.7839
11.1 16.7898
11.2 16.7999
11.3 16.8075
11.4 16.8079
11.5 16.8013
11.6 16.7921
11.7 16.7861
11.8 16.7871
11.9 16.7941
12 16.8024
12.1 16.8068
12.2 16.8047
12.3 16.7976
12.4 16.7903
12.5 16.7873
12.6 16.7904
12.7 16.7973
12.8 16.8035
12.9 16.8052
13 16.8014
13.1 16.7949
13.2 16.7897
13.3 16.7892
13.4 16.7934
13.5 16.7995
13.6 16.8036
13.7 16.8031
13.8 16.7987
13.819 16.7976
