0 0
0.1 0.0127832
0.2 0.0978442
0.3 0.2564
0.4 0.488171
0.5 0.820533
0.6 1.22058
0.7 1.67928
0.8 2.18951
0.9 2.7288
1 3.31086
1.1 3.94152
1.2 4.60994
1.3 5.32313
1.4 6.05636
1.5 6.78997
1.6 7.52638
1.7 8.24829
1.8 8.97092
1.9 9.69975
2 10.4238
2.1 11.147
2.2 11.847
2.3 12.5136
2.4 13.1478
2.5 13.7428
2.6 14.3076
2.7 14.842
2.8 15.3332
2.9 15.7742
3 16.1482
3.1 16.4452
3.2 16.6708
3.3 16.8266
3.4 16.9246
3.5 16.9752
3.6 16.9786
3.7 16.9464
3.8 16.8874
3.9 16.8211
4 16.7814
4.1 16.7855
4.2 16.7973
4.3 16.8192
4.4 16.8451
4.5 16.8377
4.6 16.8161
4.7 16.7871
4.8 16.7606
4.9 16.7629
5 16.7816
5.1 16.8008
5.2 16.8165
5.3 16.8061
5.4 16.7836
5.5 16.7673
5.6 16.757
5.7 16.7726
5.8 16.7954
5.9 16.8097
6 16.8148
6.1 16.7972
6.2 16.7763
6.3 16.7653
6.4 16.7654
6.5 16.7828
6.6 16.8004
6.7 16.8055
6.8 16.7991
6.9 16.7801
7 16.7635
7.1 16.7616
7.2 16.77
7.3 16.7877
7.4 16.8006
7.5 16.7985
7.6 16.7882
7.7 16.7721
7.8 16.7634
7.9 16.769
8 16.7812
8.1 16.7955
8.2 16.8007
8.3 16.7928
8.4 16.7801
8.5 16.7682
8.6 16.7661
8.7 16.7755
8.8 16.7876
8.9 16.7961
9 16.7949
9.1 16.7839
9.2 16.7727
9.3 16.7669
9.4 16.7706
9.5 16.7821
9.6 16.7917
9.7 16.7948
9.8 16.7892
9.9 16.7782
10 16.7706
10.1 16.7703
10.2 16.7774
10.3 16.7878
10.4 16.7933
10.5 16.7913
10.6 16.7833
10.7 16.7741
10.8 16.7706
10.9 16.7743
11 16.7825
11.1 16.7902
11.2 16.7915
11.3 16.7863
11.4 16.7784
11.5 16.7724
11.6 16.773
11.7 16.7791
11.8 16.7865
11.9 16.7908
12 16.7886
12.1 16.782
12.2 16.7756
12.3 16.7732
12.4 16.7767
12.5 16.7833
12.6 16.7885
12.7 16.7893
12.8 16.7848
12.9 16.7784
13 16.7745
13.1 16.7752
13.2 16.7802
13.3 16.786
13.4 16.7885
13.5 16.7866
13.6 16.7813
13.7 16.7765
13.8 16.7752
13.9 16.7782
14 16.7834
14.001 16.7834
