0 0
0.1 0.00837621
0.2 0.0679593
0.3 0.185135
0.4 0.360779
0.5 0.6181
0.6 0.929841
0.7 1.28354
0.8 1.66941
0.9 2.06297
1 2.47451
1.1 2.90695
1.2 3.35565
1.3 3.82584
1.4 4.29785
1.5 4.75371
1.6 5.18887
1.7 5.59126
1.8 5.96995
1.9 6.33676
2 6.68887
2.1 7.03261
2.2 7.35766
2.3 7.6523
2.4 7.92105
2.5 8.16058
2.6 8.38231
2.7 8.59744
2.8 8.80156
2.9 8.99538
3 9.1662
3.1 9.30176
3.2 9.40261
3.3 9.46637
3.4 9.50159
3.5 9.51751
3.6 9.51476
3.7 9.49859
3.8 9.47119
3.9 9.43928
4 9.42312
4.1 9.43647
4.2 9.45561
4.3 9.48306
4.4 9.51494
4.5 9.51791
4.6 9.50376
4.7 9.4753
4.8 9.44101
4.9 9.42829
5 9.43068
5.1 9.44191
5.2 9.45485
5.3 9.44858
5.4 9.42815
5.5 9.40436
5.6 9.38294
5.7 9.38122
5.8 9.39425
5.9 9.40862
6 9.42005
6.1 9.41373
6.2 9.39541
6.3 9.37899
6.4 9.36769
6.5 9.37357
6.6 9.38952
6.7 9.40209
6.8 9.4083
6.9 9.39902
7 9.38214
7.1 9.3701
7.2 9.36579
7.3 9.37518
7.4 9.39017
7.5 9.39926
7.6 9.39983
7.7 9.38883
7.8 9.37408
7.9 9.36627
8 9.36735
8.1 9.378
8.2 9.39079
8.3 9.39585
8.4 9.39216
8.5 9.38084
8.6 9.36888
8.7 9.36525
8.8 9.3699
8.9 9.38045
9 9.39028
9.1 9.39156
9.2 9.38529
9.3 9.37475
9.4 9.36621
9.5 9.36621
9.6 9.37294
9.7 9.38249
9.8 9.389
9.9 9.38727
10 9.37973
10.1 9.37073
10.2 9.3656
10.3 9.36824
10.4 9.37577
10.5 9.3835
10.6 9.38683
10.7 9.383
10.8 9.37526
10.9 9.36841
11 9.36633
11.1 9.37074
11.2 9.37809
11.3 9.38365
11.4 9.38429
11.5 9.37921
11.6 9.37214
11.7 9.36758
11.8 9.36794
11.9 9.37323
12 9.37961
12.1 9.38294
12.2 9.3815
12.3 9.37595
12.4 9.37013
12.5 9.36774
12.6 9.36987
12.7 9.3753
12.8 9.38027
12.9 9.38159
13 9.37875
13.1 9.37341
13.2 9.36913
13.3 9.36862
13.4 9.37185
13.5 9.37682
13.6 9.38022
13.7 9.37988
13.8 9.37629
13.9 9.37165
14 9.36897
14.018 9.36887
