0 0
0.1 0.00563617
0.2 0.0795986
0.3 0.263669
0.4 0.543889
0.5 0.947469
0.6 1.46472
0.7 2.00969
0.8 2.54447
0.9 3.08068
1 3.60039
1.1 4.1255
1.2 4.7093
1.3 5.32951
1.4 5.94498
1.5 6.54247
1.6 7.08423
1.7 7.54644
1.8 7.9693
1.9 8.38838
2 8.80594
2.1 9.2384
2.2 9.67685
2.3 10.0749
2.4 10.4227
2.5 10.7358
2.6 11.0204
2.7 11.3012
2.8 11.6049
2.9 11.9135
3 12.1931
3.1 12.4253
3.2 12.5838
3.3 12.6586
3.4 12.6784
3.5 12.6668
3.6 12.6334
3.7 12.5926
3.8 12.5471
3.9 12.4902
4 12.444
4.1 12.4468
4.2 12.4701
4.3 12.4939
4.4 12.5399
4.5 12.5527
4.6 12.4949
4.7 12.4239
4.8 12.3686
4.9 12.3233
5 12.3299
5.1 12.381
5.2 12.4075
5.3 12.4035
5.4 12.3789
5.5 12.32
5.6 12.2639
5.7 12.257
5.8 12.2804
5.9 12.3111
6 12.3466
6.1 12.3503
6.2 12.309
6.3 12.2645
6.4 12.2357
6.5 12.2257
6.6 12.2511
6.7 12.2944
6.8 12.3144
6.9 12.3065
7 12.281
7.1 12.2399
7.2 12.2116
7.3 12.2197
7.4 12.2468
7.5 12.2753
7.6 12.2954
7.7 12.288
7.8 12.2544
7.9 12.2235
8 12.2101
8.1 12.2156
8.2 12.2431
8.3 12.2742
8.4 12.2836
8.5 12.2713
8.6 12.2469
8.7 12.2193
8.8 12.2079
8.9 12.2221
9 12.2469
9.1 12.2675
9.2 12.2754
9.3 12.2621
9.4 12.2351
9.5 12.2153
9.6 12.2116
9.7 12.2236
9.8 12.2469
9.9 12.2661
10 12.2668
10.1 12.2519
10.2 12.2312
10.3 12.2144
10.4 12.2133
10.5 12.2291
10.6 12.249
10.7 12.2616
10.8 12.2611
10.9 12.2463
11 12.2262
11.1 12.2152
11.2 12.218
11.3 12.2317
11.4 12.2494
11.5 12.2594
11.6 12.2547
11.7 12.2401
11.8 12.2245
11.9 12.2161
12 12.2205
12.1 12.2351
12.2 12.2493
12.3 12.255
12.4 12.2498
12.5 12.236
12.6 12.2223
12.7 12.2178
12.8 12.224
12.9 12.2366
13 12.2485
13.1 12.2521
13.2 12.2448
13.3 12.2323
13.4 12.222
13.5 12.2194
13.6 12.2264
13.7 12.2384
13.8 12.2474
13.9 12.2483
14 12.2411
14.1 12.2299
14.2 12.2215
14.3 12.2214
14.4 12.2289
14.5 12.239
14.6 12.246
14.7 12.2454
14.8 12.2376
14.9 12.2279
15 12.2221
15.1 12.2232
15.2 12.2306
15.3 12.2396
15.4 12.2444
15.5 12.2423
15.6 12.2351
15.7 12.2268
15.8 12.2226
15.9 12.2251
16 12.2322
16.1 12.2395
16.2 12.2427
16.3 12.2399
16.4 12.2328
16.5 12.226
16.6 12.2236
16.7 12.2266
16.8 12.2333
16.9 12.2393
17 12.241
17.086 12.2383
