0 0
0.1 0.00135942
0.2 0.0354784
0.3 0.128628
0.4 0.293147
0.5 0.557305
0.6 0.902007
0.7 1.28758
0.8 1.69416
0.9 2.09133
1 2.47559
1.1 2.87288
1.2 3.29051
1.3 3.73517
1.4 4.20145
1.5 4.65485
1.6 5.07359
1.7 5.44797
1.8 5.77499
1.9 6.07709
2 6.37417
2.1 6.67024
2.2 6.96556
2.3 7.24392
2.4 7.48659
2.5 7.69203
2.6 7.86453
2.7 8.01744
2.8 8.16837
2.9 8.31906
3 8.46119
3.1 8.58084
3.2 8.65936
3.3 8.69023
3.4 8.67985
3.5 8.64005
3.6 8.58829
3.7 8.53697
3.8 8.48966
3.9 8.44992
4 8.42356
4.1 8.42352
4.2 8.44189
4.3 8.46968
4.4 8.5032
4.5 8.50785
4.6 8.47935
4.7 8.43491
4.8 8.38033
4.9 8.34204
5 8.33268
5.1 8.33556
5.2 8.34269
5.3 8.33781
5.4 8.3072
5.5 8.26553
5.6 8.2255
5.7 8.19775
5.8 8.19469
5.9 8.20591
6 8.21587
6.1 8.21655
6.2 8.19878
6.3 8.16901
6.4 8.14334
6.5 8.12923
6.6 8.13208
6.7 8.14774
6.8 8.16111
6.9 8.16395
7 8.15356
7.1 8.133
7.2 8.11512
7.3 8.10866
7.4 8.11456
7.5 8.1295
7.6 8.14283
7.7 8.14563
7.8 8.1375
7.9 8.12228
8 8.10867
8.1 8.10501
8.2 8.11171
8.3 8.12431
8.4 8.13547
8.5 8.13777
8.6 8.13058
8.7 8.11862
8.8 8.1084
8.9 8.10615
9 8.11268
9.1 8.12328
9.2 8.13194
9.3 8.13344
9.4 8.12699
9.5 8.11699
9.6 8.10909
9.7 8.10764
9.8 8.11328
9.9 8.12201
10 8.12853
10.1 8.12917
10.2 8.1235
10.3 8.11514
10.4 8.10901
10.5 8.10829
10.6 8.11316
10.7 8.12037
10.8 8.12541
10.9 8.12547
11 8.12061
11.1 8.11377
11.2 8.10903
11.3 8.10889
11.4 8.11311
11.5 8.11901
11.6 8.12291
11.7 8.1226
11.8 8.11843
11.9 8.11288
12 8.10923
12.1 8.10945
12.2 8.11311
12.3 8.1179
12.4 8.1209
12.5 8.12037
12.6 8.11678
12.7 8.1123
12.8 8.10952
12.9 8.10996
13 8.11312
13.1 8.117
13.2 8.11927
13.3 8.11862
13.4 8.11555
13.5 8.11194
13.6 8.10985
13.7 8.11041
13.8 8.11312
13.9 8.11625
14 8.11794
14.1 8.11725
14.2 8.11464
14.3 8.11173
14.4 8.11019
14.5 8.1108
14.6 8.11311
14.694 8.1155
