0 0
0.1 0.00212515
0.2 0.0468858
0.3 0.174142
0.4 0.398948
0.5 0.755938
0.6 1.23584
0.7 1.78359
0.8 2.37093
0.9 2.97572
1 3.58184
1.1 4.21626
1.2 4.90264
1.3 5.63507
1.4 6.40493
1.5 7.18465
1.6 7.93326
1.7 8.63818
1.8 9.3057
1.9 9.94703
2 10.5864
2.1 11.237
2.2 11.8877
2.3 12.5231
2.4 13.1278
2.5 13.6888
2.6 14.2122
2.7 14.7138
2.8 15.202
2.9 15.6782
3 16.1306
3.1 16.5322
3.2 16.8597
3.3 17.1004
3.4 17.2527
3.5 17.3295
3.6 17.3512
3.7 17.3339
3.8 17.2914
3.9 17.2376
4 17.1892
4.1 17.1723
4.2 17.1823
4.3 17.2045
4.4 17.2379
4.5 17.244
4.6 17.2067
4.7 17.1548
4.8 17.1024
4.9 17.0667
5 17.0704
5.1 17.0963
5.2 17.1174
5.3 17.1245
5.4 17.1049
5.5 17.0633
5.6 17.0273
5.7 17.0107
5.8 17.0152
5.9 17.0389
6 17.0621
6.1 17.066
6.2 17.051
6.3 17.0238
6.4 16.9965
6.5 16.9864
6.6 16.9961
6.7 17.0156
6.8 17.0344
6.9 17.0404
7 17.0286
7.1 17.0081
7.2 16.9906
7.3 16.9839
7.4 16.9921
7.5 17.0087
7.6 17.0218
7.7 17.0245
7.8 17.0156
7.9 16.9996
8 16.987
8.1 16.9852
8.2 16.9937
8.3 17.0079
8.4 17.0197
8.5 17.022
8.6 17.0149
8.7 17.0035
8.8 16.9945
8.9 16.9937
9 17.0016
9.1 17.0127
9.2 17.0212
9.3 17.0224
9.4 17.016
9.5 17.0064
9.6 16.9996
9.7 16.9991
9.8 17.005
9.9 17.0136
10 17.0194
10.1 17.0195
10.2 17.014
10.3 17.0063
10.4 17.0011
10.5 17.0011
10.6 17.006
10.7 17.0125
10.8 17.0169
10.9 17.0165
11 17.0119
11.1 17.0059
11.2 17.0021
11.3 17.0024
11.4 17.0065
11.5 17.0116
11.6 17.0148
11.7 17.0142
11.8 17.0104
11.9 17.0058
12 17.003
12.1 17.0035
12.2 17.0068
12.3 17.0108
12.4 17.0131
12.5 17.0124
12.6 17.0093
12.7 17.0057
12.8 17.0037
12.9 17.0044
13 17.0071
13.1 17.0102
13.2 17.0118
13.3 17.0111
13.4 17.0086
13.5 17.0058
13.6 17.0044
13.7 17.0051
13.8 17.0073
13.9 17.0097
14 17.0108
14.1 17.0101
14.2 17.0081
14.3 17.006
14.4 17.005
14.5 17.0056
14.6 17.0074
14.7 17.0093
14.8 17.0101
14.9 17.0094
15 17.0078
15.1 17.0061
15.2 17.0055
15.3 17.0061
15.4 17.0075
15.5 17.0089
15.6 17.0095
15.7 17.0089
15.7075 17.0088
