0 0
0.1 0.00727362
0.2 0.0914264
0.3 0.293864
0.4 0.593153
0.5 1.01586
0.6 1.55603
0.7 2.12338
0.8 2.68127
0.9 3.24989
1 3.80764
1.1 4.37495
1.2 5.00391
1.3 5.66756
1.4 6.31968
1.5 6.94929
1.6 7.52572
1.7 8.02471
1.8 8.49238
1.9 8.96396
2 9.43416
2.1 9.91491
2.2 10.3954
2.3 10.8317
2.4 11.2167
2.5 11.5758
2.6 11.9171
2.7 12.2598
2.8 12.6273
2.9 12.9924
3 13.3168
3.1 13.5836
3.2 13.7729
3.3 13.8783
3.4 13.9293
3.5 13.949
3.6 13.9374
3.7 13.9045
3.8 13.8544
3.9 13.7862
4 13.7317
4.1 13.7376
4.2 13.771
4.3 13.8041
4.4 13.8595
4.5 13.8775
4.6 13.8139
4.7 13.7383
4.8 13.6871
4.9 13.6495
5 13.6693
5.1 13.7344
5.2 13.7654
5.3 13.7551
5.4 13.7227
5.5 13.659
5.6 13.603
5.7 13.6076
5.8 13.6445
5.9 13.6805
6 13.7129
6.1 13.7065
6.2 13.6524
6.3 13.6016
6.4 13.5798
6.5 13.5816
6.6 13.6173
6.7 13.665
6.8 13.6766
6.9 13.6538
7 13.6173
7.1 13.575
7.2 13.555
7.3 13.5776
7.4 13.6159
7.5 13.6425
7.6 13.6514
7.7 13.6298
7.8 13.586
7.9 13.5569
8 13.5564
8.1 13.5763
8.2 13.6105
8.3 13.6381
8.4 13.6339
8.5 13.6066
8.6 13.5768
8.7 13.5558
8.8 13.5585
8.9 13.5868
9 13.6168
9.1 13.6292
9.2 13.622
9.3 13.5964
9.4 13.5663
9.5 13.5552
9.6 13.5673
9.7 13.5908
9.8 13.6146
9.9 13.6237
10 13.6092
10.1 13.5832
10.2 13.5636
10.3 13.5585
10.4 13.5719
10.5 13.597
10.6 13.6148
10.7 13.6147
10.8 13.5997
10.9 13.5776
11 13.5613
11.1 13.5631
11.2 13.5802
11.3 13.5999
11.4 13.612
11.5 13.6089
11.6 13.5913
11.7 13.5719
11.8 13.5633
11.9 13.5685
12 13.5847
12.1 13.6024
12.2 13.609
12.3 13.6009
12.4 13.5849
12.5 13.5698
12.6 13.5647
12.7 13.5735
12.8 13.5896
12.9 13.6021
13 13.6045
13.1 13.5952
13.2 13.5796
13.3 13.5683
13.4 13.5682
13.5 13.5781
13.6 13.592
13.7 13.6016
13.8 13.6001
13.9 13.5891
14 13.5762
14.1 13.5688
14.2 13.5711
14.3 13.582
14.4 13.5941
14.5 13.5994
14.6 13.5955
14.7 13.5849
14.8 13.5739
14.9 13.5697
15 13.5748
15.1 13.5851
15.2 13.5944
15.3 13.5971
15.4 13.5913
15.5 13.581
15.6 13.5729
15.7 13.5716
15.8 13.5777
15.9 13.5873
16 13.5943
16.1 13.5941
16.2 13.5875
16.3 13.5786
16.4 13.5727
16.5 13.5737
16.6 13.5806
16.7 13.5887
16.8 13.5932
16.9 13.5914
17 13.5843
17.1 13.5767
17.2 13.5733
17.3 13.5759
17.4 13.5827
17.5 13.5894
17.6 13.5918
17.7 13.5885
17.701 13.5885
