0 0
0.1 0.00115636
0.2 0.0334159
0.3 0.122047
0.4 0.28003
0.5 0.53541
0.6 0.870407
0.7 1.24854
0.8 1.65294
0.9 2.05584
1 2.45496
1.1 2.87566
1.2 3.32351
1.3 3.80356
1.4 4.30981
1.5 4.80793
1.6 5.27708
1.7 5.70852
1.8 6.09837
1.9 6.46755
2 6.83373
2.1 7.19821
2.2 7.56024
2.3 7.90345
2.4 8.20937
2.5 8.47746
2.6 8.7118
2.7 8.92469
2.8 9.13279
2.9 9.3363
3 9.52646
3.1 9.68998
3.2 9.80871
3.3 9.87701
3.4 9.90139
3.5 9.89244
3.6 9.86646
3.7 9.83456
3.8 9.79944
3.9 9.76544
4 9.73937
4.1 9.73559
4.2 9.74921
4.3 9.77307
4.4 9.8036
4.5 9.80791
4.6 9.78207
4.7 9.74255
4.8 9.69476
4.9 9.66357
5 9.66065
5.1 9.66921
5.2 9.68122
5.3 9.68133
5.4 9.65628
5.5 9.62058
5.6 9.58678
5.7 9.56443
5.8 9.56538
5.9 9.57926
6 9.59063
6.1 9.59242
6.2 9.57617
6.3 9.54836
6.4 9.52496
6.5 9.51273
6.6 9.51639
6.7 9.53183
6.8 9.54413
6.9 9.54582
7 9.5349
7.1 9.51457
7.2 9.49746
7.3 9.49167
7.4 9.49749
7.5 9.51152
7.6 9.52338
7.7 9.52482
7.8 9.5162
7.9 9.50146
8 9.48909
8.1 9.48682
8.2 9.49426
8.3 9.50677
8.4 9.51726
8.5 9.51873
8.6 9.51135
8.7 9.50001
8.8 9.49084
8.9 9.48972
9 9.49676
9.1 9.50696
9.2 9.51477
9.3 9.51537
9.4 9.50849
9.5 9.49898
9.6 9.49201
9.7 9.49145
9.8 9.49759
9.9 9.50601
10 9.51173
10.1 9.51169
10.2 9.50575
10.3 9.49782
10.4 9.49265
10.5 9.49276
10.6 9.49803
10.7 9.50503
10.8 9.50932
10.9 9.50874
11 9.50372
11.1 9.49723
11.2 9.49333
11.3 9.49397
11.4 9.49846
11.5 9.50413
11.6 9.50741
11.7 9.50648
11.8 9.50217
11.9 9.497
12 9.49403
12.1 9.49495
12.2 9.49885
12.3 9.50336
12.4 9.50582
12.5 9.50476
12.6 9.50103
12.7 9.49692
12.8 9.49476
12.9 9.49576
13 9.49914
13.1 9.50275
13.2 9.5045
13.3 9.50342
13.4 9.50025
13.5 9.49696
13.6 9.49544
13.7 9.49647
13.8 9.49933
13.9 9.50222
14 9.50345
14.1 9.50237
14.2 9.49971
14.2325 9.49878
