0 0
0.1 0.000398831
0.2 0.0336688
0.3 0.142353
0.4 0.35614
0.5 0.708829
0.6 1.18033
0.7 1.71314
0.8 2.2621
0.9 2.78334
1 3.26384
1.1 3.73395
1.2 4.22187
1.3 4.74805
1.4 5.31683
1.5 5.89555
1.6 6.4441
1.7 6.93474
1.8 7.35305
1.9 7.71516
2 8.05507
2.1 8.39894
2.2 8.76236
2.3 9.14005
2.4 9.50693
2.5 9.84089
2.6 10.13
2.7 10.3762
2.8 10.5983
2.9 10.8152
3 11.0336
3.1 11.247
3.2 11.4334
3.3 11.5658
3.4 11.6281
3.5 11.6192
3.6 11.5552
3.7 11.4654
3.8 11.3786
3.9 11.318
4 11.3001
4.1 11.336
4.2 11.4058
4.3 11.4765
4.4 11.5228
4.5 11.5073
4.6 11.4355
4.7 11.3469
4.8 11.271
4.9 11.2402
5 11.2624
5.1 11.3073
5.2 11.3443
5.3 11.3479
5.4 11.305
5.5 11.2362
5.6 11.1715
5.7 11.1336
5.8 11.1364
5.9 11.168
6 11.2012
6.1 11.2142
6.2 11.1939
6.3 11.1458
6.4 11.093
6.5 11.0569
6.6 11.0499
6.7 11.0707
6.8 11.101
6.9 11.1202
7 11.1164
7.1 11.0887
7.2 11.0507
7.3 11.0216
7.4 11.0135
7.5 11.0284
7.6 11.0567
7.7 11.081
7.8 11.0886
7.9 11.0765
8 11.051
8.1 11.0267
8.2 11.0162
8.3 11.0235
8.4 11.044
8.5 11.0661
8.6 11.0775
8.7 11.0731
8.8 11.056
8.9 11.0354
9 11.0225
9.1 11.0233
9.2 11.0362
9.3 11.0538
9.4 11.0663
9.5 11.067
9.6 11.0564
9.7 11.0404
9.8 11.0274
9.9 11.0241
10 11.0314
10.1 11.0446
10.2 11.0564
10.3 11.0606
10.4 11.0551
10.5 11.0434
10.6 11.0319
10.7 11.0263
10.8 11.0293
10.9 11.0386
11 11.0488
11.1 11.0545
11.2 11.0528
11.3 11.0449
11.4 11.0353
11.5 11.029
11.6 11.029
11.7 11.0349
11.8 11.0432
11.9 11.0492
12 11.0499
12.1 11.0452
12.2 11.0378
12.3 11.0316
12.4 11.0299
12.5 11.033
12.6 11.0392
12.7 11.0449
12.8 11.047
12.9 11.0446
13 11.0393
13.1 11.0338
13.2 11.0311
13.3 11.0323
13.4 11.0366
13.5 11.0414
13.6 11.0442
13.7 11.0435
13.8 11.04
13.9 11.0355
14 11.0324
14.1 11.0323
14.2 11.035
14.3 11.0388
14.4 11.0417
14.5 11.0422
14.6 11.0401
14.7 11.0366
14.8 11.0337
14.9 11.0327
15 11.0341
15.1 11.037
15.2 11.0397
15.3 11.0408
15.4 11.0398
15.5 11.0373
15.6 11.0347
15.7 11.0334
15.8 11.0338
15.9 11.0358
16 11.0381
16.1 11.0394
16.2 11.0392
16.3 11.0376
16.4 11.0355
16.402 11.0354
