0 0
0.1 0.0138162
0.2 0.116578
0.3 0.319361
0.4 0.611252
0.5 1.01832
0.6 1.50728
0.7 2.04216
0.8 2.6148
0.9 3.19633
1 3.78927
1.1 4.4145
1.2 5.05781
1.3 5.72235
1.4 6.38794
1.5 7.02286
1.6 7.62568
1.7 8.19067
1.8 8.72988
1.9 9.26441
2 9.79549
2.1 10.3211
2.2 10.8331
2.3 11.3167
2.4 11.7754
2.5 12.219
2.6 12.6579
2.7 13.1045
2.8 13.5521
2.9 13.9842
3 14.381
3.1 14.7213
3.2 14.9972
3.3 15.2101
3.4 15.3638
3.5 15.4648
3.6 15.5154
3.7 15.5182
3.8 15.485
3.9 15.4384
4 15.4149
4.1 15.4457
4.2 15.4834
4.3 15.5204
4.4 15.5602
4.5 15.5557
4.6 15.5173
4.7 15.4737
4.8 15.4302
4.9 15.4211
5 15.4458
5.1 15.469
5.2 15.4869
5.3 15.4737
5.4 15.4337
5.5 15.3994
5.6 15.3784
5.7 15.3857
5.8 15.414
5.9 15.4344
6 15.4364
6.1 15.4151
6.2 15.3787
6.3 15.3539
6.4 15.3506
6.5 15.3673
6.6 15.394
6.7 15.4068
6.8 15.3983
6.9 15.3739
7 15.3459
7.1 15.3339
7.2 15.343
7.3 15.3646
7.4 15.3851
7.5 15.3891
7.6 15.3738
7.7 15.3503
7.8 15.3321
7.9 15.3311
8 15.3472
8.1 15.3678
8.2 15.38
8.3 15.3754
8.4 15.3568
8.5 15.3372
8.6 15.3285
8.7 15.3356
8.8 15.3536
8.9 15.3695
9 15.3732
9.1 15.3626
9.2 15.3446
9.3 15.3313
9.4 15.3312
9.5 15.3435
9.6 15.3602
9.7 15.37
9.8 15.3668
9.9 15.3532
10 15.3382
10.1 15.3317
10.2 15.3375
10.3 15.3513
10.4 15.3638
10.5 15.3668
10.6 15.3586
10.7 15.3448
10.8 15.3344
10.9 15.334
11 15.3434
11.1 15.356
11.2 15.3635
11.3 15.3611
11.4 15.3505
11.5 15.339
11.6 15.3339
11.7 15.3382
11.8 15.3489
11.9 15.3585
12 15.361
12.1 15.3548
12.2 15.3442
12.3 15.3363
12.4 15.3359
12.5 15.3431
12.6 15.3529
12.7 15.3587
12.8 15.3568
12.9 15.3488
13 15.3399
13.1 15.336
13.2 15.3393
13.3 15.3474
13.4 15.3549
13.5 15.3568
13.6 15.3521
13.7 15.344
13.8 15.3379
13.9 15.3376
14 15.3431
14.1 15.3506
14.2 15.3551
14.3 15.3537
14.4 15.3476
14.5 15.3407
14.6 15.3377
14.624 15.3378
