0 0
0.1 0.0015334
0.2 0.0394131
0.3 0.145409
0.4 0.333557
0.5 0.635605
0.6 1.03612
0.7 1.48883
0.8 1.97229
0.9 2.4587
1 2.93812
1.1 3.43933
1.2 3.97445
1.3 4.54289
1.4 5.14131
1.5 5.73569
1.6 6.29457
1.7 6.81136
1.8 7.28358
1.9 7.72727
2 8.1685
2.1 8.61117
2.2 9.04995
2.3 9.47403
2.4 9.86213
2.5 10.2082
2.6 10.5219
2.7 10.8134
2.8 11.0976
2.9 11.3803
3 11.6481
3.1 11.8837
3.2 12.0699
3.3 12.1933
3.4 12.2581
3.5 12.2779
3.6 12.2663
3.7 12.2381
3.8 12.2019
3.9 12.1619
4 12.1305
4.1 12.1268
4.2 12.1424
4.3 12.1684
4.4 12.2023
4.5 12.2058
4.6 12.1727
4.7 12.126
4.8 12.072
4.9 12.0357
5 12.0345
5.1 12.0474
5.2 12.0611
5.3 12.0635
5.4 12.0377
5.5 11.997
5.6 11.9617
5.7 11.939
5.8 11.9401
5.9 11.9588
6 11.9734
6.1 11.9753
6.2 11.9603
6.3 11.9306
6.4 11.9047
6.5 11.8939
6.6 11.8984
6.7 11.9156
6.8 11.9319
6.9 11.9343
7 11.9234
7.1 11.9038
7.2 11.8849
7.3 11.879
7.4 11.8865
7.5 11.9009
7.6 11.9143
7.7 11.9173
7.8 11.9078
7.9 11.8929
8 11.8802
8.1 11.8768
8.2 11.885
8.3 11.8984
8.4 11.9092
8.5 11.912
8.6 11.905
8.7 11.8931
8.8 11.8841
8.9 11.8825
9 11.8892
9.1 11.9003
9.2 11.9086
9.3 11.9097
9.4 11.9037
9.5 11.894
9.6 11.8866
9.7 11.8859
9.8 11.8914
9.9 11.8999
10 11.9062
10.1 11.9064
10.2 11.901
10.3 11.8933
10.4 11.8876
10.5 11.8872
10.6 11.8921
10.7 11.8987
10.8 11.9034
10.9 11.9034
11 11.8988
11.1 11.8926
11.2 11.8884
11.3 11.8884
11.4 11.8924
11.5 11.8978
11.6 11.9013
11.7 11.901
11.8 11.8971
11.9 11.8922
12 11.889
12.1 11.8894
12.2 11.8927
12.3 11.897
12.4 11.8996
12.5 11.8991
12.6 11.8959
12.7 11.892
12.8 11.8896
12.9 11.8901
13 11.893
13.1 11.8963
13.2 11.8983
13.3 11.8977
13.4 11.895
13.5 11.892
13.6 11.8902
13.7 11.8908
13.8 11.8931
13.9 11.8958
14 11.8972
14.1 11.8966
14.2 11.8944
14.3 11.892
14.4 11.8907
14.5 11.8913
14.6 11.8932
14.7 11.8954
14.8 11.8964
14.9 11.8958
15 11.894
15.1 11.8921
15.2 11.8912
15.3 11.8917
15.4 11.8933
15.5 11.895
15.6 11.8957
15.7 11.8951
15.8 11.8936
15.8495 11.8929
