0 0
0.1 0.0183639
0.2 0.136797
0.3 0.354317
0.4 0.67506
0.5 1.13116
0.6 1.68645
0.7 2.33652
0.8 3.07206
0.9 3.86958
1 4.74506
1.1 5.69936
1.2 6.71948
1.3 7.81277
1.4 8.94316
1.5 10.0971
1.6 11.2694
1.7 12.4407
1.8 13.6306
1.9 14.83
2 16.0315
2.1 17.2295
2.2 18.395
2.3 19.5214
2.4 20.6016
2.5 21.6292
2.6 22.6104
2.7 23.5344
2.8 24.3862
2.9 25.1532
3 25.8121
3.1 26.3589
3.2 26.7942
3.3 27.1203
3.4 27.3525
3.5 27.4929
3.6 27.5504
3.7 27.5396
3.8 27.4778
3.9 27.4031
4 27.3582
4.1 27.3709
4.2 27.3892
4.3 27.4152
4.4 27.4442
4.5 27.4353
4.6 27.4133
4.7 27.388
4.8 27.367
4.9 27.378
5 27.4016
5.1 27.4191
5.2 27.4312
5.3 27.4112
5.4 27.387
5.5 27.372
5.6 27.3664
5.7 27.3896
5.8 27.4092
5.9 27.4191
6 27.4152
6.1 27.3908
6.2 27.3735
6.3 27.3687
6.4 27.3778
6.5 27.4003
6.6 27.4131
6.7 27.4112
6.8 27.3983
6.9 27.3771
7 27.369
7.1 27.3751
7.2 27.3896
7.3 27.4075
7.4 27.4099
7.5 27.4002
7.6 27.3848
7.7 27.3711
7.8 27.3732
7.9 27.3853
8 27.3997
8.1 27.4085
8.2 27.4025
8.3 27.389
8.4 27.3768
8.5 27.3724
8.6 27.3814
8.7 27.3947
8.8 27.4038
8.9 27.404
9 27.3929
9.1 27.3808
9.2 27.3749
9.3 27.3782
9.4 27.3902
9.5 27.4003
9.6 27.4029
9.7 27.3966
9.8 27.3849
9.9 27.3773
10 27.378
10.1 27.3861
10.2 27.3968
10.3 27.4015
10.4 27.3981
10.5 27.3891
10.6 27.3801
10.7 27.3783
10.8 27.3838
10.9 27.3927
11 27.3995
11.1 27.3987
11.2 27.3918
11.3 27.3836
11.4 27.3792
11.5 27.3823
11.6 27.3899
11.7 27.3968
11.8 27.3987
11.9 27.394
12 27.3865
12.1 27.3813
12.2 27.3816
12.3 27.3875
12.4 27.3943
12.5 27.3976
12.6 27.3954
12.7 27.389
12.8 27.3833
12.9 27.3819
13 27.3856
13.1 27.3919
13.2 27.3962
13.3 27.3957
13.4 27.3911
13.5 27.3853
13.6 27.3827
13.7 27.3847
13.8 27.3898
13.9 27.3946
14 27.3956
14.03 27.3951
