0 0
0.1 0.00318901
0.2 0.0388043
0.3 0.119219
0.4 0.248115
0.5 0.44818
0.6 0.69912
0.7 0.981302
0.8 1.2879
0.9 1.59486
1 1.91005
1.1 2.24635
1.2 2.59998
1.3 2.97953
1.4 3.37044
1.5 3.74932
1.6 4.11083
1.7 4.44302
1.8 4.75067
1.9 5.05052
2 5.34335
2.1 5.63304
2.2 5.91374
2.3 6.1683
2.4 6.39432
2.5 6.59076
2.6 6.7622
2.7 6.9235
2.8 7.0769
2.9 7.21972
3 7.34605
3.1 7.44106
3.2 7.5
3.3 7.52561
3.4 7.523
3.5 7.50561
3.6 7.48099
3.7 7.45041
3.8 7.41684
3.9 7.38072
4 7.35064
4.1 7.34289
4.2 7.34489
4.3 7.35606
4.4 7.37704
4.5 7.37396
4.6 7.35164
4.7 7.31823
4.8 7.27433
4.9 7.2495
5 7.24396
5.1 7.24665
5.2 7.25708
5.3 7.25224
5.4 7.22983
5.5 7.20352
5.6 7.17531
5.7 7.16282
5.8 7.16968
5.9 7.18124
6 7.19363
6.1 7.19381
6.2 7.17744
6.3 7.15877
6.4 7.1431
