0 0
0.1 0.0273327
0.2 0.187632
0.3 0.449713
0.4 0.816182
0.5 1.30808
0.6 1.86823
0.7 2.49675
0.8 3.17205
0.9 3.86769
1 4.60412
1.1 5.37806
1.2 6.17384
1.3 7.01318
1.4 7.84339
1.5 8.67578
1.6 9.50483
1.7 10.317
1.8 11.1566
1.9 12.0014
2 12.8663
2.1 13.7446
2.2 14.6104
2.3 15.4748
2.4 16.3339
2.5 17.1918
2.6 18.0698
2.7 18.9486
2.8 19.8181
2.9 20.6606
3 21.4315
3.1 22.1309
3.2 22.7299
3.3 23.2231
3.4 23.6167
3.5 23.892
3.6 24.0664
3.7 24.1456
3.8 24.1518
3.9 24.1371
4 24.1445
4.1 24.206
4.2 24.2431
4.3 24.274
4.4 24.2997
4.5 24.2767
4.6 24.245
4.7 24.2145
4.8 24.1867
4.9 24.2016
5 24.2252
5.1 24.2369
5.2 24.2515
5.3 24.2158
5.4 24.1909
5.5 24.1702
5.6 24.1575
5.7 24.1852
5.8 24.1949
5.9 24.203
6 24.1932
6.1 24.1574
6.2 24.1365
6.3 24.1255
6.4 24.1285
6.5 24.1544
6.6 24.1596
6.7 24.1556
6.8 24.1401
6.9 24.1065
7 24.101
7.1 24.099
7.2 24.113
7.3 24.1345
7.4 24.1304
7.5 24.1229
7.6 24.1019
7.7 24.0818
7.8 24.085
7.9 24.0928
8 24.1087
8.1 24.1216
8.2 24.1106
8.3 24.0996
8.4 24.0821
8.5 24.0723
8.6 24.0847
8.7 24.0937
8.8 24.1083
8.9 24.1102
9 24.0954
9.1 24.0846
9.2 24.0722
9.3 24.0736
9.4 24.0883
9.5 24.0972
9.6 24.1052
9.7 24.0999
9.8 24.0843
9.9 24.0774
10 24.072
10.1 24.0807
10.2 24.095
10.3 24.0996
10.4 24.1018
10.5 24.0907
10.6 24.0785
10.7 24.0758
10.8 24.0766
10.9 24.0883
11 24.0983
11.1 24.0982
11.2 24.0948
11.3 24.0827
11.4 24.075
11.5 24.0773
11.6 24.0819
11.7 24.0934
11.8 24.0978
11.9 24.0937
12 24.0877
12.1 24.0772
12.2 24.0754
12.3 24.0807
12.4 24.0871
12.5 24.0956
12.6 24.0948
12.7 24.0883
12.8 24.0819
12.9 24.0754
13 24.0782
13.1 24.085
13.2 24.0906
13.3 24.095
13.4 24.0902
13.5 24.0834
13.6 24.0786
13.7 24.0763
13.8 24.0823
13.9 24.0884
14 24.0919
14.1 24.0922
14.2 24.0854
14.3 24.08
14.4 24.0778
14.5 24.0791
14.6 24.086
14.7 24.0902
14.8 24.091
14.9 24.0883
15 24.0814
15.1 24.0785
15.2 24.0789
15.3 24.0825
15.4 24.0886
15.5 24.0901
15.6 24.0886
15.7 24.0844
15.8 24.0791
15.9 24.0788
16 24.0812
16.1 24.0855
16.2 24.0896
16.3 24.0885
16.4 24.0856
16.5 24.0814
16.6 24.0784
16.7 24.0804
16.8 24.0836
16.9 24.0873
17 24.089
17.1 24.0861
17.2 24.0828
17.3 24.0797
17.4 24.0792
17.5 24.0825
17.6 24.0855
17.7 24.0878
17.8 24.0872
17.9 24.0836
18 24.081
18.1 24.0795
18.2 24.0809
18.3 24.0845
18.3575 24.0858
