0 0
0.1 0.00520959
0.2 0.0718049
0.3 0.246492
0.4 0.534402
0.5 0.970331
0.6 1.55288
0.7 2.2204
0.8 2.93884
0.9 3.70128
1 4.49199
1.1 5.32885
1.2 6.2438
1.3 7.22232
1.4 8.23842
1.5 9.26928
1.6 10.2769
1.7 11.246
1.8 12.1945
1.9 13.1396
2 14.0921
2.1 15.0595
2.2 16.0271
2.3 16.9681
2.4 17.8726
2.5 18.74
2.6 19.5758
2.7 20.3955
2.8 21.2019
2.9 21.9767
3 22.6926
3.1 23.3183
3.2 23.8273
3.3 24.2113
3.4 24.4792
3.5 24.645
3.6 24.7256
3.7 24.7373
3.8 24.693
3.9 24.614
4 24.5357
4.1 24.5009
4.2 24.5027
4.3 24.523
4.4 24.5651
4.5 24.5814
4.6 24.5422
4.7 24.4831
4.8 24.4311
4.9 24.3984
5 24.411
5.1 24.4556
5.2 24.4873
5.3 24.4929
5.4 24.4706
5.5 24.4236
5.6 24.3852
5.7 24.38
5.8 24.4012
5.9 24.4347
6 24.4622
6.1 24.4615
6.2 24.4336
6.3 24.4005
6.4 24.3787
6.5 24.3796
6.6 24.4045
6.7 24.4339
6.8 24.4483
6.9 24.4417
7 24.4178
7.1 24.3906
7.2 24.3782
7.3 24.387
7.4 24.4089
7.5 24.431
7.6 24.44
7.7 24.4301
7.8 24.4095
7.9 24.3917
8 24.3865
8.1 24.3968
8.2 24.4156
8.3 24.43
8.4 24.4313
8.5 24.4195
8.6 24.402
8.7 24.3896
8.8 24.39
8.9 24.4018
9 24.4171
9.1 24.4269
9.2 24.4253
9.3 24.414
9.4 24.401
9.5 24.3945
9.6 24.3982
9.7 24.4097
9.8 24.4219
9.9 24.4272
10 24.4231
10.1 24.413
10.2 24.4034
10.3 24.4003
10.4 24.4056
10.5 24.4154
10.6 24.4237
10.7 24.4256
10.8 24.4202
10.9 24.4113
11 24.4046
11.1 24.4041
11.2 24.4097
11.3 24.4177
11.4 24.423
11.5 24.4225
11.6 24.4169
11.7 24.4098
11.8 24.4056
11.9 24.4068
12 24.4123
12.1 24.4184
12.2 24.4214
12.3 24.4196
12.4 24.4143
12.5 24.4089
12.6 24.4068
12.7 24.409
12.8 24.4139
12.9 24.4183
13 24.4195
13.1 24.417
13.2 24.4124
13.3 24.4087
13.4 24.408
13.5 24.4106
13.6 24.4147
13.7 24.4177
13.8 24.4177
13.9 24.415
14 24.4112
14.1 24.4089
14.2 24.4092
14.3 24.4119
14.4 24.4151
14.5 24.4169
14.6 24.4162
14.7 24.4135
14.8 24.4107
14.9 24.4094
15 24.4103
15.1 24.4128
15.2 24.4152
15.3 24.416
15.4 24.4149
15.5 24.4126
15.6 24.4105
15.7 24.41
15.8 24.4113
15.9 24.4134
16 24.4151
16.1 24.4152
16.2 24.4139
16.3 24.412
16.4 24.4107
16.5 24.4107
16.6 24.412
16.7 24.4137
16.7875 24.4147
